-3.917299948861110881e+00
-9.924575176945893418e-02
-2.493806341216280753e+00
-2.118051881940166137e+00
2.588841401915892071e+00
-3.348421906692207184e+00
4.170432565032246686e+00
4.204285859006130721e+00
1.601146926626784150e-01
2.008436440943210499e+00
-1.164073128771403454e+00
-3.717054071149925587e+00
2.482880422171725776e+00
1.657847204693658094e+00
4.401433950573427012e+00
-1.740996385829260973e+00
4.504113873085384689e+00
2.637606912613164045e+00
3.501408947243113801e+00
2.066099326781889900e+00
-2.422437054074059404e+00
-2.794764352334814905e+00
2.711663141899670393e+00
4.232063375614576017e+00
4.360090466577038470e-01
5.043967878476307121e+00
-4.643879886182462613e+00
1.831184549314302856e+00
9.049520041063351394e-01
-1.347829372744371090e+00
-3.902473638968866343e+00
2.393800676489118651e+00
5.859051811736806226e-01
-3.877306791206834191e+00
-3.644575756586380666e-01
2.324748163211359575e+00
-4.301209873533164973e+00
4.980043030154085670e+00
3.982291078964774300e+00
2.244035964335004074e+00
-3.577154990016751857e+00
3.706174677578552235e+00
-2.590015911879588462e+00
5.624298535127847387e-01
3.650900806820065458e+00
1.667286469461430443e+00
3.623181613527361122e+00
-4.470422305669479179e+00
5.481217558401141332e-02
-1.002442857553417221e+00
1.912514610286319083e+00
-1.825121408947838475e-01
1.657052788130255472e+00
1.084404526745426978e+00
-1.518980537031570321e+00
-3.647374915349872015e+00
-1.865297155885135894e+00
1.207368558312927220e+00
-1.299106831109807292e+00
-8.664600181537701618e-01
1.370747842159897090e+00
2.464945375700089869e+00
2.890768875827928741e-01
4.340318122889779140e+00
4.344064530356541276e+00
8.765605833480578646e-01
3.590928555607818318e+00
6.166919256189551390e-02
2.498615200999907415e+00
-1.735157976642133670e+00
3.806997808648450388e+00
3.615880099255623037e+00
-3.761270380457157003e+00
-4.328682830789767344e+00
2.659193052062178708e+00
5.038748919605332333e+00
3.505745573859657682e+00
2.359916893033317642e+00
8.073820947464032116e-01
8.409409079697187650e-01
-1.335928000168398855e+00
-1.151459555714694050e+00
-4.953343574884530032e-01
8.043832003482052073e-01
3.681024052402939617e+00
-1.457401186689621042e+00
-1.770276960586245063e-02
-4.665708808839610811e+00
-3.814054750207710232e+00
-4.387099985405837010e+00
1.984366734360506257e+00
-4.052401948904393869e+00
-3.569039530085774903e+00
7.344839639260024589e-01
-4.247473515893987361e+00
1.264980633770925955e+00
2.816666716377474344e+00
4.817076030339874748e+00
-1.397744511962253355e+00
4.074071812457400910e+00
2.088879023360066256e+00
-4.275871675949956874e+00
4.445137571289444978e+00
-2.632431735753463009e+00
3.133020890326268848e+00
3.052209371060270460e+00
-3.728379856617633603e+00
4.499248741345846625e+00
2.038439418566917460e+00
-4.627594023563540659e+00
4.742487730045082728e+00
3.143364008391419162e+00
-3.147659198163691663e+00
3.848698250111706187e+00
-9.913645558618879861e-01
-2.947036337287177510e+00
-4.294995463379454037e+00
2.922987914782842367e+00
-2.127875390974974579e+00
-3.803141501659457191e+00
2.153335199078409090e+00
3.995466293744367903e+00
-2.682347228082360147e+00
-3.744366624285694556e+00
9.832823092624698447e-01
-3.440364558442823295e+00
3.746499081012142351e-01
-2.505765735034022335e+00
-9.847293954138969241e-02
-4.011156018455071859e+00
6.977983984760419700e-01
1.593246813318519806e+00
-1.003585325697287089e-01
8.480918850776935081e-01
1.957886403189938562e+00
-6.277533167052906649e-01
-4.329077626719427307e+00
6.365043699971231206e-01
-3.235058105215471436e+00
3.127501137017832278e+00
-2.639736859816972370e+00
3.019292958777267444e+00
-9.577110240230819471e-01
3.064760201442705778e+00
3.263950628501179452e+00
3.559198871596795044e+00
2.283896923892082320e+00
2.536525680981895015e+00
2.475302034237390814e+00
-8.977958208329293033e-01
-4.313168707548530989e+00
4.194631120978133509e+00
3.508418603839585259e+00
-4.230176861054067317e+00
3.726499657165161850e+00
2.687013910535127614e+00
-2.457501046666705768e+00
4.530148258609580481e+00
-2.903015654376748245e+00
-3.566423490245023142e+00
-4.845886612672675398e+00
1.596911664498815497e+00
2.883252500078228864e-01
-2.654277246192488171e+00
3.738474614425669529e+00
3.028026562650460107e+00
-4.687692595251132133e+00
3.899736041830555777e+00
8.129670366423466521e-02
4.857503106044276819e+00
2.037827594240832596e+00
-2.303657350068080145e+00
-4.331218018504194855e-01
4.924335944876276017e+00
2.048422073693343393e-01
1.346572950699185256e-01
4.555620902096180203e+00
-4.589714702784737810e+00
2.344072971151760498e+00
-1.596050152692439994e+00
2.541280476280682876e-02
3.611543758289315065e-03
3.869330706199578529e+00
4.210545927523982712e+00
-1.400961809252692314e+00
3.112647160258712020e+00
-1.529324312512934103e+00
-1.258113888869566210e+00
2.401118543840752295e-02
-2.859689481657785581e+00
-3.780478616274651760e+00
4.705682661742704553e+00
1.340021585974024987e+00
3.636216311476939467e+00
3.951395904653971058e+00
3.212179455209582812e+00
1.976374337531500380e+00
-2.017245435795882891e+00
2.002328142712147319e+00
-6.612149907548303673e-01
1.245740967154111978e+00
-2.552500100670314964e+00
-2.719566191511278319e+00
2.757528980436364741e+00
1.997088116087728515e+00
3.057472532598593418e+00
-3.182170182133721159e+00
-1.484724690540644154e+00
-3.043695695042555549e+00
-2.560173994380722906e+00
3.255689628535641589e+00
4.454176708685981367e+00
3.135545523943697788e+00
2.325874133840929225e+00
1.876729069960606733e+00
2.247080129312351460e+00
1.626188743586345353e-01
1.291081549255572725e-01
-2.450707017088662454e-01
-3.997844900622817832e+00
-3.649271064433063039e+00
-1.390468742994229956e+00
-3.772605740440881483e+00
2.559028627441501946e+00
4.318241586205941118e+00
-2.941991898014510998e+00
-3.557423528872096785e+00
1.237616413510855828e+00
-1.650729026634847330e+00
3.569018780908794763e+00
-3.752624454438395762e+00
1.516049425334492717e+00
1.129459848025387458e+00
1.080460986206447593e+00
2.401225867846088491e-01
3.369630775071623674e+00
-4.136030861875687137e+00
3.834484664131691645e+00
-3.364946603962790661e-01
4.145623920457456535e+00
-4.091251915815404594e+00
1.097155355766484597e+00
-2.178002244067567261e-01
-1.314243577459545342e+00
4.238842659562305215e+00
-1.035631636496396890e+00
-4.257751566502482987e+00
-4.854140792037307861e+00
4.606428815592320092e+00
-3.787953572231108623e+00
-1.151479949683022141e+00
1.900066217160096826e+00
-3.419562140784119464e+00
2.510305999710801039e+00
-3.049848707975759687e+00
1.974601471784885653e+00
-2.288125383346931052e+00
-3.183774959863345799e+00
4.038916122693294142e+00
3.758200209549941384e+00
1.941088866703158722e+00
1.228072074413598003e+00
3.664151457500331333e+00
-3.095120550629471001e+00
-8.236245084479421052e-01
