2.659748706179616562e-01
-3.204068398919334371e+00
-1.605486107195276624e+00
1.091613081099858995e+00
3.748948838186104027e+00
4.422391386189348239e+00
3.945506658802550248e+00
4.280654725326343168e+00
-7.734448198501659988e-01
1.024976954966026810e+00
-4.136930537571168465e+00
-5.502931629928351498e-01
3.621429081680263451e+00
-3.116641553565101752e+00
-6.506565961103527584e-01
-3.624643930163355954e+00
-1.518413449837575868e+00
-4.271861026629478530e+00
5.347909969461772661e-01
3.641520842821519111e+00
-1.653532191988917877e+00
-9.366201291180829003e-01
3.573023154558438108e+00
-3.474914450543042932e-01
2.466045953104947230e+00
-1.368513229967639688e+00
4.879965632931590136e+00
3.214053827569056665e-01
4.816834249126175749e+00
4.565696772696160366e+00
-3.423777780399703818e+00
4.022960830512937846e+00
3.602885319233568140e+00
-2.935362334812199325e+00
-3.774026940908376204e+00
1.353562105184487940e+00
-1.324545920989097514e+00
4.533475819167712473e+00
1.854891849404282311e+00
-1.926747895581440773e+00
1.678493085741944668e+00
-4.170444515033629784e+00
-4.220771659298874212e+00
-3.741398692418447247e+00
3.953585588261018913e+00
-2.557767352276920647e-01
2.019887696047128589e+00
-4.535778969244511849e+00
-3.501243156846537197e+00
1.192287140415431379e+00
1.854859417403869892e-01
-1.875447288933784762e+00
-1.187617415307245405e+00
3.309773139926219354e+00
-1.681287097603769709e+00
-4.358221884977176330e+00
-2.826273075182027306e+00
-3.278883120995046418e+00
-4.392000438099753268e+00
4.345575123069892243e+00
-4.736836150505722820e+00
-9.497042463794809208e-01
3.887782278882952358e+00
-1.258567139659095169e+00
-2.256465543674238461e+00
1.174702149579013088e+00
3.420806247010405032e-01
8.160538208089267442e-01
-3.030660181714705526e-01
-2.207608857033191097e+00
3.961280078425012174e+00
-2.396513469302003152e+00
1.492877515593995064e+00
-4.512217053355206398e-01
3.324322906838621083e+00
2.438714087893405935e+00
2.488262987785016200e+00
3.020760315712045951e+00
4.829624100907462747e+00
3.253471584546036688e+00
5.661690217080704857e-01
-1.925745383029262126e+00
9.292441792204816364e-01
1.022902185765042882e+00
2.531155210372450171e+00
-4.551747273780534897e+00
4.421874619312424315e+00
3.524415672349460849e+00
1.028637211657504658e+00
2.595029076567301640e+00
2.117126521222719049e+00
-2.129633295305214169e+00
-3.447756859869342883e+00
-2.544139853161842435e+00
-3.170652764909082322e+00
2.147965732556826435e+00
-1.338337675453241893e+00
2.355503613359957171e-01
-3.302806839413690909e+00
-4.957190528774812144e+00
-2.188282484175601006e+00
3.694393809788527605e+00
-2.302975945893976917e+00
-2.219250747455206341e+00
-1.809543094360295257e+00
-4.332022812221913100e+00
-7.305345403149232641e-01
-1.727187250163328969e+00
1.965030921692377586e+00
-9.264526702480044285e-02
2.453851630661755046e+00
-6.631722319247290720e-01
3.427403027121043166e+00
-3.846754907063550277e+00
-3.994297857242452565e+00
4.926241493165371743e+00
2.949800791037409553e+00
-1.733411125282287912e+00
2.691879674519345400e+00
-4.858100224070611262e+00
-5.366542259366925416e-01
-7.126793726090792092e-01
1.427294569348342756e+00
4.242164397678710230e+00
-3.124775329692359715e+00
3.087879876325400730e+00
4.472724129659289893e+00
5.182142566848861875e-01
-2.604369902399064074e+00
-3.179601076828025619e+00
4.066932933824841001e+00
3.105465386943517814e+00
-4.278718580185203457e+00
2.203658414931928711e+00
2.607116384006857857e-01
4.503182460533958320e+00
3.533062350132597729e+00
-1.160439597572614723e+00
-7.924565090471258344e-01
3.749386839724824227e+00
9.229352689012770838e-02
-4.243076728021277333e+00
-6.157763545561687479e-01
-2.734925956510145806e+00
3.632004097747394411e+00
-1.986978793836140511e-01
-2.155331155182196312e-01
-1.976309262062226679e+00
1.713021544288074516e+00
1.906968676339236168e+00
-3.294799991180506815e+00
-2.488259852479937084e+00
4.817035895633637210e+00
3.118963574547219508e+00
3.450244915196430284e+00
-3.072039661269549971e+00
2.778030048169306099e+00
5.944992018422690094e-01
-6.418420902561745578e-01
5.155381138923420536e-01
4.870937733034902406e-01
4.418844684471528339e+00
-1.001880540841576739e+00
2.670344765222107952e+00
3.351472584839385149e+00
-1.307992586375240407e+00
-1.544088860715300271e+00
-4.923471681417293411e+00
-1.441726656897016845e+00
-3.512571233633993373e+00
9.118587680813933227e-01
-2.646737554749627463e+00
2.076184925658971281e+00
-5.318236497776080984e-01
-1.850241731708873516e+00
7.657942191313336089e-01
-4.799342963065096335e+00
-2.223530669585638275e+00
1.644872905842430955e+00
-1.286333557162175900e+00
2.383853171452828601e+00
-2.326455637802786747e+00
4.846602952170467660e+00
-2.291159272288099125e+00
-3.764190599919503555e+00
-1.403453491523956043e+00
-6.976790623652204815e-01
3.013712566531081549e-01
6.396048233203286415e-01
-2.919398111019921860e+00
-3.527646524422275665e+00
9.401979445735619834e-04
1.733871938784577793e+00
-2.983244380306186994e+00
5.235652692856457291e-01
4.084746748185592580e+00
-1.411255811075413646e-01
2.863327515514761501e+00
-3.270744554316750374e+00
-2.333654612532198858e+00
-5.885298872023545513e-01
-4.230360366388087101e+00
6.353574224574707330e-01
-1.072281600826392733e-01
2.956481174592511252e-01
-4.359379601342903143e-01
2.666131105229806231e+00
-2.392744998028584202e+00
-3.498114715860061619e+00
-4.906892566422947688e+00
-4.327113520500144084e+00
2.511853907638284533e-01
-3.350869114083637967e+00
1.296492023213735578e+00
3.742562346962227338e+00
3.368445391736805572e+00
1.195033688803004424e+00
3.688103430458234300e+00
1.695836901340412872e+00
3.392928418632230603e-01
1.175025269166916075e+00
2.525927307493760487e+00
1.368272473048890880e+00
-2.308997727134062039e+00
-3.621365530559028656e-02
2.660941851470571606e+00
4.626793593096254043e+00
-2.041006819660394989e+00
1.164104514727227979e+00
2.025879113118684849e+00
-9.422092295965081021e-01
-8.513261204377498004e-01
-4.466460240862236475e+00
2.246233749782874156e+00
2.685247204156548495e+00
5.935462718105721791e-01
-1.883110061026832094e+00
-1.288694835903175573e+00
1.344224379887446474e-01
3.099176112141095452e+00
-1.368198709284487169e+00
-4.888126835764900591e+00
-4.677196857569622779e+00
4.542403410434408428e+00
-2.499733849378096284e+00
-1.658582398477683739e-01
2.887905136813935236e+00
-6.735732899751578628e-02
3.514428367319279989e+00
-3.411130056707588842e+00
-3.423343463992658542e+00
4.456269334691107531e-01
-4.871614527085625035e+00
-9.121550310332846578e-01
-3.685418790228152108e+00
4.840861465335915881e+00
2.386465871129748173e+00
1.118079550774702113e-01
-1.121686326029203151e+00
4.735972021469855520e+00
-3.897439174646385673e+00
3.654787613157942872e+00
3.771971731408344297e+00
7.243432788911787767e-01
2.637973042979453453e+00
