4.798276713078639233e+00
3.318280772866803119e+00
3.594590932274416062e+00
2.935813782747142220e+00
4.499463953955073592e+00
1.401612781932082830e-01
-1.538200403748709810e+00
4.513550646816407053e+00
-2.089378547916389550e+00
-1.857742250197151890e+00
4.083521938453714140e-01
2.749627375250489614e+00
-4.338795335253831098e+00
-2.070079576809928046e+00
4.589055188517288997e+00
4.258966647645344494e+00
-3.837040022140556506e+00
1.201845264329817198e-01
3.140951336952511497e+00
-5.062386863275987192e-01
2.504572427593823036e-01
3.689730155807840362e+00
-2.333940669216870489e+00
2.936655346054727111e+00
-2.298210390804759307e+00
-1.203286207951222764e+00
-3.868489953676093940e+00
4.283136574949634401e+00
3.406842276188838170e+00
3.901400014108682868e+00
2.477132642833683729e+00
-1.091435517969721047e+00
-4.739572754425839918e+00
4.667555167208267797e+00
1.421134526946296717e+00
-4.921579180879807502e+00
1.374988372130120595e+00
-4.171671454935843570e+00
4.666337068530920895e+00
-1.735175098663328530e+00
4.575283227843025102e+00
-3.125801212888904779e+00
3.423427106757683802e-01
4.723420840950009136e+00
-4.127438868997829857e+00
4.636204209730017123e-01
-3.841557353087770021e+00
2.795405016456758318e+00
1.419835219532743942e+00
4.119239786034695427e+00
4.258740114370642149e-01
-4.730850212645679953e+00
5.788750949619472230e-01
2.051699995510679386e+00
-4.320404515731251394e+00
-9.149980962188979383e-01
-1.984004334902367050e+00
-1.522429965971763277e+00
1.254976711720716676e+00
4.983792994744291605e+00
-3.931449091870169443e+00
4.569647396068648781e+00
-3.790248619392944107e-02
-1.341629214747216636e+00
-1.984758283952612334e+00
-3.347284461058914751e+00
-4.009700480479022389e+00
1.873950893956627617e+00
-4.531570324814499173e+00
4.468780922162856939e+00
2.535761160248108048e+00
-2.080905290961310161e+00
-1.041116347794182051e+00
9.260413529612145922e-01
4.636892665893247667e+00
-3.627906120079623875e+00
-1.245198959777253922e+00
2.485559097752812363e+00
2.646314771390061438e+00
4.408987985865078230e+00
6.062780805055076883e-01
1.089118808624750301e+00
3.615337289789980701e+00
4.833408896834833435e+00
-2.145518800214451183e+00
3.342950029524262234e+00
7.107928137730271101e-02
-1.240599978459538288e+00
1.124753891223378766e+00
2.244483466480619249e+00
2.274272543881579622e+00
4.500639488404427624e-01
2.224528745870238744e+00
-2.747817131584613382e+00
3.385274383493349859e+00
3.101154629044515332e+00
-1.485125067375676622e+00
-4.622894120130469631e-01
-1.252974018228999675e+00
-1.573137575663721144e+00
3.307790380793445451e+00
-3.800864478707507210e+00
-2.592218237339046993e+00
4.386512690177045037e+00
-1.481160593781746471e+00
2.250763106360739840e+00
4.208279835615245545e+00
3.021423461185747783e+00
4.354614521456808163e+00
2.993501008825786514e+00
-5.632644960312624960e-01
3.559307273443952369e+00
2.175227560590903497e+00
4.677610182917554482e+00
3.427386016569178295e+00
1.141446891884267956e+00
1.212921311682450209e+00
2.795406440763303024e+00
-3.883835314399711969e+00
-5.973050796645571481e-01
1.077927164991415054e+00
3.694138367615638074e+00
-6.233661663589848967e-01
-3.593749936742550943e+00
-8.974847473364988559e-01
-3.674149311591345946e+00
1.826087949302101165e+00
-4.109187777375478134e-01
-7.672961098125350432e-01
2.979810095520111446e+00
-4.171628616449533311e+00
-2.540798492553959509e+00
1.160371392971200066e+00
3.898673330904179224e+00
-3.027778900171929077e+00
-2.759370249700749955e+00
1.969250962543832584e+00
3.882439950996518618e+00
2.556022657702607503e+00
-3.674366777142986429e+00
3.076251776954244121e+00
5.138536010214169725e-01
-1.977313807731734263e+00
4.150247877601850988e+00
-3.572978466424182820e+00
2.779025763552666284e+00
-1.832874214966753845e+00
3.426861694704985695e+00
3.842874070396081088e+00
3.125240244245175880e+00
3.638768116716804890e+00
-2.221032186756893623e+00
2.522799052529745900e+00
3.818118167082706904e-01
-3.906336647804660167e+00
-6.775130904855064529e-02
7.928974231483199020e-01
1.245822924288268130e+00
7.310183216717804910e-01
2.372445086543365278e+00
6.670573289682781848e-01
1.003944917886157251e+00
-5.074230677939367551e-01
-8.065446084563729912e-01
-2.558366609156900395e+00
2.627486658874083503e+00
4.567138035851463940e+00
3.266735110621253213e+00
3.055986628332210131e-01
2.588733622265872114e+00
-7.965897195693703026e-01
4.456173241344771441e+00
4.999791077536618999e+00
1.321044385118978148e+00
-4.401883778684527293e+00
-1.453317162541371443e+00
-4.874155071133691841e+00
1.164741662829812618e+00
-3.020113767088914436e+00
-7.568358180568495186e-01
-1.866395412725921021e+00
4.153054720055036952e+00
3.120457288378981175e+00
4.701259313690663078e+00
-1.124024044195882865e+00
3.945479682299872337e+00
3.358502925069782208e+00
-3.726700304708937317e+00
3.381686630922825287e+00
2.689735803212467857e+00
-1.409449296143272523e+00
-2.881231697570921124e+00
-4.057357413227169474e+00
3.466243200934810531e+00
-1.873336928074777141e+00
1.004640201255103449e+00
-3.839080563816741343e+00
-3.394884603982752935e-01
3.839321112972770678e+00
-4.114794727302728106e+00
2.034343741545433737e+00
9.888770249403329160e-01
-4.008997779655241622e+00
-4.094927171236875552e+00
-3.341448064508816262e+00
-2.785948511248008685e+00
2.849667873487034875e+00
-1.764195586109656766e+00
2.900588518888040479e+00
-9.487416756005728757e-02
-3.065047317453095665e+00
3.152201153929060418e+00
1.289900973415462282e+00
1.997800849688152525e+00
4.626272840610049286e+00
-3.938892385835509380e+00
-1.406957431838423034e+00
-1.289214505944464850e+00
-9.105414978996062558e-02
-1.846077883052235968e+00
4.992920392717085321e+00
-9.318229157028778964e-01
-1.685013040253888761e+00
-1.268037119721831196e+00
-6.733990397493361257e-02
4.627911221178120371e-01
3.663114071099066393e+00
-1.004555877178586520e+00
-2.022609396414479122e+00
1.780465193854402273e+00
9.941365577221539240e-02
1.766661484601342202e+00
-1.584733126622482002e+00
3.392604597472568262e+00
2.155974100918224501e+00
-1.879336372659226484e+00
-4.163642097701000466e+00
-1.082290861403286897e+00
-3.440834360418526527e-01
4.299145380010842565e+00
-1.219561968137942598e+00
3.561429124870286955e+00
-9.493579791330876427e-02
1.870530836622539494e+00
-7.563807873262442527e-01
4.544496790621669113e+00
-4.334135871026410847e+00
4.320710396082520610e+00
-3.740460459583723196e+00
1.214225447242009537e+00
-2.022077669879639217e+00
2.122758713341790227e+00
1.199374412471527096e+00
-2.950337589079535583e+00
4.296886133190975343e+00
1.151645091789665010e+00
-1.459718853686076123e+00
-2.525660349251122039e+00
2.646560891613853883e+00
-2.042595271395986622e-01
2.346572461422782752e+00
3.555213229637274264e+00
-4.375294751367401425e+00
3.502876271855547063e+00
-1.184410869177664694e+00
