3.970728089642957315e+00
-4.773358684491508797e+00
4.824388720082898985e+00
-4.522754503991135877e+00
-4.874698443713938900e+00
3.889608843188387510e+00
-1.768174000322794370e+00
-3.552943597128765063e+00
-3.288076976811341368e+00
-1.494798272305613906e+00
3.512648369676607985e+00
-7.660292293857349222e-01
2.881917387278999598e+00
-4.919251200500832866e+00
-1.712712466174219017e+00
4.624848881465057460e+00
-3.739838252020454057e+00
-8.527286495439057035e-02
1.179221981463173918e+00
2.461083903443432419e+00
-3.041186230351744513e+00
3.168303363923985927e+00
-2.488316921030508055e+00
-3.231130847385157434e+00
-2.473104254020061177e+00
4.726606094203713582e+00
3.767234510103548928e+00
3.576566564013758054e+00
-2.552377340557784535e+00
1.105130161864071425e+00
-2.471938770638268945e+00
-2.819587381800061632e+00
4.489629246013844721e+00
-4.561038952115644918e+00
-1.359690692525967748e+00
2.167881550527013701e+00
-1.509644358206105874e+00
-1.916146685784827497e-01
-2.965905915469565279e+00
4.018973742679358807e+00
-1.537724294143456572e+00
-1.119628695934088647e+00
-2.689260464840534048e+00
2.693413302488649741e+00
1.751911422733663848e+00
-3.887100347091730690e+00
-1.432217797030883588e-01
-5.628621286923438660e-01
-4.570132533423464594e+00
4.016629777625457365e+00
-2.884290513843683623e+00
-4.821915984524012266e+00
-2.093621172805501196e+00
2.673035023391498122e+00
4.604690366621550623e+00
3.685134003084263199e+00
1.820203777158758918e+00
4.347871055044743471e+00
-4.282908590929547898e+00
-4.384995241714577219e+00
-1.711960716349877565e+00
-6.587384378160177079e-01
-4.055320893779096991e+00
-1.691395765962864228e+00
-5.740311969406590720e-01
-2.059378784362117187e+00
2.218137611263499842e+00
-3.343353811575571211e+00
2.595169912246934274e+00
4.129644530571104255e+00
-1.607498076170954526e+00
4.086351719811091243e+00
4.059701844316352393e+00
-4.804129347010177575e+00
3.410683737858377640e+00
3.121677179660668600e+00
-2.030032225833178217e-01
3.009009469583523000e+00
3.580804249236546610e-02
1.990376031384766264e-02
-2.351095568195262775e+00
-2.364891104669276878e+00
3.934974377680358515e+00
-4.122881296055956213e+00
1.099319688423388897e+00
-2.876682262686633962e+00
4.506650891003316062e+00
2.205955322511387706e+00
1.034479991000586629e+00
1.156386212607161568e+00
-6.851158027455817034e-02
3.768396878071921918e+00
-2.669947775117895716e+00
-3.036103413140493146e+00
3.140998998850774271e+00
4.009543858967459684e+00
2.191889746911797943e+00
-4.281402442575643619e+00
4.310089624137884101e+00
-3.791962864364961661e-01
-2.359723255114312135e+00
-3.856326144793988941e+00
-4.604967682075463919e+00
3.077278488466026474e-01
-2.122731603093633623e+00
-4.965994164040599124e+00
-1.503725725205149466e+00
-1.856842044484043885e+00
-3.850935086625284498e-02
-4.405449185831348480e+00
1.617873412857241178e+00
-1.383033804131095224e-01
-2.561231235955825358e+00
-2.115632216741313520e+00
2.885319459855967494e+00
-4.451084690153503942e+00
-1.385636837455925807e+00
4.100377405637374295e-01
-4.303627955022428786e+00
-4.939528143850128394e+00
2.320035293414324684e+00
-2.547078680368595194e+00
-3.578667340974904576e+00
-1.518070623366889471e+00
-3.511875627302115888e+00
4.147978653870509902e+00
3.522034088141250407e+00
-2.698561411148734379e+00
3.501942830222446901e+00
-1.357786744930354672e+00
1.952471390064305368e-01
-2.261021264087141880e+00
4.111598523928631010e+00
4.859178897361317695e+00
4.199030124910299477e+00
-2.323894260862691130e+00
2.016409022222696912e+00
-3.144169123628115514e+00
1.306569898789113005e+00
-2.029784979889607044e+00
1.793059948863922948e+00
6.928268816841498534e-01
-7.830476645359940591e-01
3.416191059519048778e+00
-3.051016990019644659e+00
-2.742127093903436119e+00
2.039825300752503345e+00
-1.268962007213971788e+00
-8.986116844160196848e-02
-5.928904772335217288e-01
-3.821709293670955354e+00
-3.333072741960543262e+00
-2.543761193958554934e+00
-8.058155289577406677e-01
2.008210881998055974e+00
2.974431287738443785e+00
2.971130751475923759e+00
-4.517513450486934090e-01
-4.036806085269346589e+00
-4.738462040443621959e+00
1.590419228309385424e+00
4.153123266876903585e+00
-4.006857095435720773e+00
5.754781257292425067e-01
2.566083233996263147e+00
4.520354938539162148e+00
1.625683328692991481e+00
-2.209397212573120939e+00
3.318424055736892697e-01
-1.012183741755686484e+00
8.216744030958800238e-01
-1.188494890533705828e+00
-4.633550146996048724e+00
-6.514659185458882007e-02
-2.732349282670848645e+00
-1.315882617600543369e+00
4.345015015301072481e-01
2.958387190070745021e+00
6.934212535659973753e-01
1.243801999600879782e+00
4.916879534151613385e+00
-3.827628160397785528e+00
3.796977316140266012e+00
-2.952146518962997845e+00
-2.980686873892350874e+00
-4.390133889529540312e+00
2.548838671938566947e+00
1.189284434872258878e+00
2.245877768823786980e+00
9.414534950499833243e-01
-2.073147963860154874e+00
-1.597105519980734023e+00
-2.248480419853490453e+00
2.575693093738060213e+00
8.553965643919010375e-01
3.474432409469175198e+00
-2.065269894689084396e+00
-4.400158789997394848e-01
3.228745841088684898e+00
-2.746097553675936886e+00
-3.622837075818912123e+00
2.767008523382228802e+00
4.409837701711900593e-01
8.410039729014862075e-02
-2.326011134471209552e+00
1.200519604155712905e+00
3.454331109040641223e+00
-2.629352769137816015e+00
-2.944920323245141525e+00
3.789119878264441965e+00
-2.124005148861503933e+00
4.586416899661474034e-01
8.103020230008404212e-01
3.561950278601074160e+00
-1.118290320764927515e-01
-3.438787003733085879e+00
-1.347217571592063123e-01
1.232781567971192871e+00
-1.705673938224065989e+00
-2.345382698090955564e+00
4.453870762928543670e+00
-8.853219862970265197e-01
5.691104003861973126e-01
5.043106557367424969e-01
3.122519432591182920e+00
1.005390730596982252e+00
1.997794607371622178e+00
3.340302993273025933e+00
1.385948178704474287e+00
4.230392490816841544e+00
-7.215258893520566374e-01
5.152902561766037337e-02
2.194481369788505276e+00
3.868716828510297745e+00
-1.443657556320773416e+00
4.733468984946924252e+00
-2.887666352023162908e+00
-7.364032438984979834e-01
-2.908548397291114362e+00
1.793202502023882872e+00
1.805427548560794904e+00
-1.728926570333214841e+00
9.555782645838837297e-01
3.323079509688263045e+00
-1.795192591639760415e+00
2.469812210639626748e+00
-5.382641469260596168e-01
-2.969168466294606290e+00
-3.990169266164390827e+00
1.657670945389142503e+00
-6.045064751205266873e-01
-2.381731051195287385e+00
4.186819931618032342e+00
-1.991949901287889624e+00
6.812904834930062492e-01
-3.018382768827323481e+00
-3.029494326452237818e+00
3.963182305972749120e+00
1.200053598647089714e+00
3.997402209555316333e+00
-3.722479581482681432e+00
4.868488185613720987e+00
-4.963147650919601972e+00
-4.264476218863569201e+00
-2.629608690650215852e+00
