3.378271857185231042e-01
-3.505017554666008728e+00
2.444788422176786824e+00
2.919778850575504237e+00
2.853667094003785820e+00
-2.451829188266838599e+00
1.839136163791255996e+00
4.700593277677404203e+00
4.505051884935740603e+00
1.181244424984515540e+00
-2.534823750489968219e+00
-9.970473552790481975e-01
-3.344823324973522638e+00
1.090987836031996672e+00
4.644315576079764085e+00
-3.801110531399889414e+00
1.784613521989300011e+00
1.146351795500634374e+00
-1.925579722210182254e+00
-1.483686834619810657e+00
-3.727533733594907694e+00
-1.458028837610836348e-01
3.388348259607919744e+00
7.018742330885077152e-01
-1.935951165488591030e+00
4.646241755874767065e+00
-8.686243913013420581e-01
-4.850432809665479184e+00
-2.716519634898788560e+00
2.384125428030824168e+00
3.602359276411362998e+00
2.888038004252232227e+00
-4.331234956377008061e-01
2.121752590748529066e+00
1.100397034383041373e+00
3.528329840311938526e+00
-3.830503238899472862e+00
1.386950409629582381e+00
-3.162652098052652683e+00
-3.986814111454210163e+00
2.362711460844536759e+00
-1.009917782611421622e+00
5.613412057696418600e-01
-3.703335943240383621e+00
4.204808497619950458e+00
4.245852117546428772e+00
-5.415487435498107516e-01
2.361367499692591743e+00
1.420983161238803305e+00
1.713029709350468721e+00
-4.171922491944604516e+00
-2.235536705708380811e+00
-4.536044564577343507e+00
2.231894154573352829e+00
-3.421557725876185341e+00
-7.139625674457121818e-01
1.492289114058481303e+00
3.826173732762558899e+00
2.299691759021127879e+00
2.831733516698679232e+00
-1.111378722682067277e+00
3.468338010394695914e-01
-1.070926347973346626e+00
3.520074631230816209e+00
3.711066915091354446e+00
2.588444800067627227e+00
-1.660089461477113559e+00
-1.396639881519851301e+00
1.236149499647268613e+00
4.705242278063305861e+00
-1.507449490747884369e+00
6.245215618173176608e-01
-3.294891695451585001e+00
7.118783426080055321e-01
4.370486617345834546e-01
-6.619483431622974479e-01
2.440268747151136175e+00
-1.699050577065840173e+00
4.180182969541036186e+00
-4.740345800726068148e+00
-4.358415194863393793e+00
-4.296732530071833978e+00
7.860392070804014253e-01
-1.400244890624570360e+00
-3.619437023124928210e+00
-7.077760921455436005e-01
1.599668304766996840e-01
2.678489005122725253e+00
-4.189954423063824152e+00
-4.151031289907565203e+00
2.452112197538377281e+00
4.192913921163574642e-01
-3.123069120530720610e+00
-2.611798885258509451e+00
-2.916607048420206461e+00
-2.054251969797750377e+00
-1.377773487081754844e+00
-2.910719553963572181e+00
-2.888544745752920306e+00
-4.830770109477003693e+00
3.947952156600580409e+00
-3.574523112740050301e+00
-4.172800257414346348e+00
-3.667944745251813465e+00
2.545525033508051038e+00
3.017120093516448165e+00
3.443192439304226582e+00
2.180491222963603093e+00
-1.402761617616100409e+00
-1.400686151563777848e+00
4.478724824092397583e+00
-1.061858236560925484e+00
2.495284207291819989e+00
-1.483221523456124125e+00
4.218612591341631912e+00
-2.903404485081988451e+00
1.418571066670769376e+00
-3.709083037934099991e-01
-1.120302261041143943e+00
-3.667221876418338411e+00
-2.020304364226912508e+00
-4.445915284482549801e+00
4.428052726289084973e+00
-2.989190870074576178e+00
5.848771487037209837e-01
8.799510727320525305e-01
-4.007159802927766634e-01
-4.075766699566933937e+00
1.020804053319375626e+00
4.178223485838778117e+00
1.819398584735200330e+00
3.106067503315745881e-01
-3.647533058876173406e+00
-7.995655286522804772e-01
6.808542760512903413e-01
-6.606967858054391129e-01
4.114044321276143279e+00
2.250516643751993229e+00
3.865555307749273695e+00
8.042203106709013838e-01
4.509430090667933655e+00
2.606610940219078465e+00
-3.242265013230519521e+00
-2.325889147810892510e+00
-3.617383725061914745e+00
-4.554273966436918286e+00
7.730617544828000121e-01
3.862978168852977845e+00
1.426157262798527725e+00
-2.791669900096707124e+00
-1.214186181878550208e+00
-4.974213374450572545e+00
-4.803198177385762158e+00
-1.678939777255389565e+00
4.516702214818687722e+00
9.454201521622431770e-01
-1.784100725234452067e+00
2.190252170376467689e-01
-2.043844128113568637e+00
4.106614570890142701e+00
1.757961109543080269e-01
3.298057387044952549e+00
-3.732009997234194465e+00
-2.059509274352616437e+00
3.009949655547263347e+00
5.001827454938432282e-01
-4.618599465580929930e+00
2.678939915993778342e+00
-3.212863115105478506e+00
-2.611875847153899421e+00
-2.830736220842666739e-02
-4.737013667320860932e+00
-2.814186887261579173e+00
-4.769040464519243017e+00
-1.738235808600689047e+00
-1.575047526070911807e+00
-1.244514328856465291e+00
-3.583197518469383169e-02
2.440281159927749854e+00
-3.206965411014511602e+00
-3.587618465651259747e+00
-3.980225069993114317e+00
3.080199039466947397e+00
-4.809434291354693691e+00
-1.109336821522925121e+00
-4.988854447560855832e+00
-3.639147038912504684e-02
3.155337769339402243e+00
-8.888371361048417185e-01
-4.403590525546883683e+00
-3.148962297564086299e+00
-1.943577150614257398e+00
3.410378448871957957e+00
-2.546884006371996634e+00
2.479395856656742225e+00
8.965949657341401036e-01
3.223004520293983433e+00
-3.782619785909613341e+00
-4.496814632474869455e+00
-3.604008520453119147e+00
2.863853095109980984e+00
3.722170396609531196e+00
4.654597077087764490e+00
-3.415454514640039463e+00
4.031116809856314376e-01
4.310296036118463903e+00
3.678624102169401056e+00
-8.490324468833492233e-01
-5.128964818038888041e-01
-1.874255161409477122e+00
4.032118230754749177e+00
-4.781627750997060389e+00
3.933491215432919574e+00
3.453868940978834345e+00
-4.593615088225639020e+00
-4.639126117064589216e+00
-5.518432453409918281e-01
-2.801435112413428463e+00
-4.734863062123696231e+00
4.199170176062740012e+00
-2.669228333345078141e+00
2.096366209903451683e+00
1.038880775972682358e+00
2.263183368116302496e+00
3.149599161072597298e+00
-2.916648521081191880e+00
2.872219867205835442e+00
4.548552773538542482e+00
-4.751311347984794153e+00
-4.018165459561138242e+00
-1.882239043110693011e+00
-9.264414592592098430e-01
3.990172538206593345e+00
-2.685354163852306186e+00
2.973931648417469376e-01
-4.389979208923902476e+00
-5.868787257815171188e-01
-4.269074240239745244e+00
-1.338998186957209846e+00
-1.231683972330643861e+00
2.805306542967037409e+00
1.121749342944839967e+00
-4.697141153233731714e+00
3.825159415151448528e+00
4.060711376788638916e+00
-4.822047458834962441e+00
3.761273184433219896e+00
1.045790482519064923e+00
3.072599683844279284e+00
2.433729057305002108e+00
3.914502589580495240e-01
-6.889703365251778067e-01
-4.898337067097675579e+00
-4.394992207264394324e-01
-2.403107504401630123e+00
3.651106958446469264e+00
2.017158158875909990e+00
3.663112705048197526e+00
2.089134891220934875e+00
-6.301882080431342459e-01
7.184900831830791645e-01
-1.953021478673950817e+00
-6.802979155385475707e-01
-2.096193224439440783e+00
3.945721379582568744e+00
