-3.664215785650645429e+00
-1.966981903298412604e-01
5.877964450269228536e-01
3.741766391305226591e+00
-8.837043191713567225e-01
4.670881980591047977e+00
4.075368074392674345e+00
-3.822365772840188747e+00
-1.892744906114601555e+00
2.955784404712845870e+00
1.865565720455081511e+00
1.895473127915150879e+00
-3.281680001510327571e+00
1.191657277802431025e+00
9.551829648797207639e-01
6.592150144162456371e-02
1.810161527059115372e+00
5.285325496469237549e-01
-2.845900117597432999e+00
-1.691711267523260176e+00
-4.940078607594335480e+00
-2.962486724902118951e+00
-2.050202000708063466e+00
-3.655786257788512295e+00
1.533598420535859930e-01
-3.126151676444117289e+00
9.703049816919513404e-01
1.608975349240044039e+00
3.259501703759241309e+00
2.934729415138722430e+00
-2.259235538833813450e+00
3.680344078163235721e-01
-1.326409603721250274e+00
1.447734294545921507e+00
-1.236995955628143129e+00
2.694454776260736928e+00
4.537479079443661689e+00
-2.849701338043728605e+00
2.666221392665272028e+00
-1.807279023750774982e+00
3.260063402923309539e+00
3.079232371762129716e+00
3.599283717688999573e+00
3.597991546374942118e+00
-7.022100029098590213e-01
2.323124943082672811e+00
-1.925063443754563508e+00
3.585882330104790849e+00
-2.311571323193747141e+00
-1.121284266620674597e+00
4.092071894897927997e+00
4.564591032046580565e+00
1.815721298527456895e+00
1.624479944851900726e+00
1.395824530059899260e-01
-5.403996685224239371e-01
4.414974194812144148e+00
6.638912688990750155e-01
3.987570618032961534e+00
-6.342273334537793517e-01
2.108493928947465790e+00
-4.853010169273406227e+00
1.875983961034410008e+00
4.048289131831250387e+00
-1.212139976300243838e+00
-2.977634456398192686e+00
2.386322691465237789e+00
-3.253976776993124709e+00
1.279163421843366955e+00
-4.802376110313088198e+00
-4.073682840132617500e+00
-3.143812833130686712e+00
-4.312821024445234741e-01
4.611193297342115471e+00
2.170743122225804456e+00
1.363230705441590196e+00
1.324656013440325575e+00
1.443447471792448589e+00
4.180244676590118003e-01
1.612567278932558246e+00
1.065716885606802222e+00
-7.205019008373696465e-01
9.960053427828459149e-01
-7.453735316895579999e-01
-3.002134345427300843e-01
2.012453848072982776e+00
-4.332593660473254005e+00
2.618932987305822913e+00
3.542952960113154859e+00
-4.101332257852900121e+00
-4.603387964880855776e+00
2.470653695297498231e+00
-1.592360571980618644e+00
2.429339362407630709e+00
-3.448794282128039512e+00
3.681953841056412102e+00
3.029547839440922985e+00
3.005513234157022873e-01
3.861122685855679748e+00
4.347383081745103794e+00
-4.550777275036883118e+00
2.051823122194338822e+00
-3.128148700165587215e-01
4.146097849416673142e+00
4.405940039160494592e+00
2.825185319213000312e+00
-4.585214351646373032e+00
4.061504228783128667e+00
-4.801793434606390854e+00
-1.699876534476892687e+00
8.521530567517893173e-01
2.391145572965421628e+00
4.165337936839639710e+00
1.512691336809415255e+00
-1.653223668063877660e+00
-3.771847625590628361e+00
-1.843429358674102403e+00
2.518859475812215365e+00
-4.650730515662298892e+00
-1.640355873361571071e+00
-4.315628225071995061e+00
-3.363964143825077802e+00
7.446994032204825587e-01
3.845462394504583159e+00
2.980143516238657142e+00
-4.728956424448151452e+00
2.912960753054949947e+00
-2.993773517536371109e+00
-2.603139307728405960e+00
1.807553584091989407e+00
-3.975879461084010025e+00
-4.993328428136617703e+00
1.580356953202439740e+00
3.125397940629428106e+00
1.413159931357368837e+00
3.766788237628285074e+00
-3.051568166364337920e+00
-1.153030339459508724e+00
-7.726017615043989650e-01
2.485649070190411258e+00
-9.295006872164481848e-01
-4.419902064693649990e+00
-9.142004505219354371e-01
-4.633479782425542481e+00
1.540396465080078103e+00
7.231603427397026440e-02
-2.767021805630534015e+00
1.496140359247180029e-01
-1.204748677729425621e+00
-4.371915672247633111e+00
2.574111631174914372e+00
-1.219316087470351029e+00
5.431142146667484738e-01
3.002411191225210274e+00
-8.209297034988658481e-01
-1.227185032647525098e+00
-6.071183373925066462e-01
-2.856512092262002422e+00
4.516751160787276120e+00
-1.413193893394749878e+00
-1.941352427000340164e+00
-3.318981780463063025e+00
-1.909556597513104026e-01
-2.364370369230241131e+00
-2.220689584043755715e+00
4.040591471143475388e-01
-4.730331584817263568e+00
-8.466916851597385829e-01
2.879429940866101489e+00
-8.127367748816686222e-01
2.990228982770579691e+00
-2.166647488135696076e+00
2.203805991487380211e+00
1.187590753239340380e+00
1.925551483271476627e+00
4.143544346547948010e+00
-1.386088027018814506e+00
-4.934581927914374333e-01
2.438338858318012115e-01
-1.696799669784124553e+00
3.888025783660994605e+00
7.879318912119623874e-01
-2.622325906757492220e+00
-1.276650092136436321e+00
-1.809579045555147481e+00
-1.532867458420605900e+00
-4.041560613742374741e+00
4.866030273628391356e+00
1.095000915631802130e+00
-6.310548844210450703e-01
6.949339022459790627e-01
4.957985126848173607e+00
-2.791147786040676593e+00
-8.092106429386038968e-01
2.002472183042173448e+00
-2.486327719343250031e+00
5.968489980682356588e-01
-9.416641081004097913e-01
-2.847318871630450499e+00
2.753111413079434300e-02
2.358454677833329072e+00
4.104797578066328612e+00
1.486633093385382409e+00
-4.505187073934326492e+00
-2.085746259909999623e-01
3.903122530831373282e-01
-9.551341599443219366e-01
1.980057663391115774e+00
1.217952543580747005e-01
-3.649903751959206133e+00
4.327066121155082712e+00
-1.628083500635451042e+00
1.456659778136552674e+00
-4.122657148727510545e+00
4.165298047531628356e+00
7.461654954594081346e-01
-1.721797691178528211e-01
4.536713485308679239e+00
1.916905160889499804e+00
3.090530112753521408e+00
-1.244127547904074760e-01
-1.937088263693560464e+00
-4.777623148491242588e+00
3.410309019732267188e+00
1.480068744227249988e+00
3.208220286544483102e-01
1.532095061563355953e+00
4.057721030732222900e+00
-3.326465057385719071e+00
1.324381920662887069e+00
-3.429719963014388195e+00
-1.554419744399186065e+00
-8.790241713466059870e-02
-3.920436314581809967e-01
4.887246350882472612e+00
3.839798884682037894e+00
-2.131930471557193840e+00
3.037272196797001556e+00
-2.877240663276344534e+00
-2.696489799917078933e+00
-5.078280579256081673e+00
3.747929980281025308e+00
-2.284779196750297281e+00
-3.634147740709302354e+00
3.075592842756197598e+00
4.909010284852946882e+00
-1.698283275423162486e+00
-4.231278555259390117e+00
-3.496218554326312677e+00
-3.154391866507104680e+00
8.443718406900756479e-01
2.989101010163810912e+00
-2.666817654350301048e+00
-4.560054986237189745e+00
1.542322516866835969e+00
-2.992930351406193346e+00
-2.753423693432601738e+00
-2.237957681159498335e+00
-3.128832844422448911e+00
7.759153670894392008e-01
-1.430962364598777903e+00
1.933245132336334215e+00
-2.127357956895636004e+00
-3.259904835254252564e+00
6.217870924916706343e-01
