-1.478744785861029420e+00
-2.426927951731415511e+00
4.970999286672189044e+00
-1.229819912025459150e+00
-5.267054903679984079e-01
2.550694121602048448e+00
2.095735319959368681e+00
9.529050902123381572e-02
3.469058502218734574e+00
-3.428655616676437035e+00
4.743645024339283367e+00
-2.805968038786997631e+00
3.173330743058299319e+00
-1.768966944972011124e+00
1.954696853343717677e+00
-7.874950261393740547e-01
3.041624457008399673e+00
-3.868394347509821252e+00
5.134976422248970884e+00
4.871053570685013767e+00
-2.781414105451314178e+00
7.465860668697636982e-01
-2.634509577414640091e+00
-1.534614340618586370e+00
-5.974710653311117170e-01
-4.255611022175010305e+00
-3.326228580480181662e-01
-1.154275275996026195e+00
3.600251147069341684e+00
-4.757240699267818229e+00
-1.226667123921642455e+00
-4.944254284053773318e+00
3.415728830723478993e+00
7.112728127825542757e-01
4.456056305532594131e+00
3.195561151207524375e+00
4.354873426444051177e+00
1.749426505005776455e+00
4.702652287140677956e+00
-3.298362550318834074e+00
-3.381752005695449981e+00
4.779156950138407467e+00
-1.886390723362251443e+00
-9.605345114310290811e-01
4.972201623440291485e+00
4.150524441652053476e+00
3.487006838193991154e+00
-3.455709274384384244e+00
-4.404445616850090062e-01
2.802746202679635701e-01
3.942627236396029744e+00
-2.904297738850249999e+00
-3.003333907769558664e+00
-2.972407335738659562e+00
-1.723968019844885902e-01
-2.697612777668956241e+00
-1.551315876942436223e+00
-4.291369935727188611e+00
2.085820165670701165e+00
2.379658014577864300e+00
3.965842561741386163e-01
4.418005696005487870e+00
2.193257470004422949e+00
-2.805797806670413674e+00
-5.393191700032069491e-01
3.886456050374871296e-01
3.529622612038401996e+00
2.953115676205073648e+00
1.316097791838307884e+00
-4.897171315333826769e+00
3.069723845708808962e+00
-7.755244628977149279e-01
4.589919936103560083e+00
-3.038664546650712062e+00
1.226758359911164664e+00
1.121001607938679534e+00
-3.704417539367449663e+00
2.936419967219370264e-01
-1.224518388042904249e+00
4.809971254885350156e+00
-1.973553607277645838e+00
-2.891378671826838054e-01
5.338682564106446371e+00
-2.351196365584357739e+00
-1.128431708401502975e+00
4.717292302176190333e+00
3.261341725069901720e+00
3.408567744968305391e+00
-4.147065666825531238e-01
-3.458759788204373020e+00
-4.976949101750299143e+00
2.060774649541491144e+00
-3.837934689355319229e+00
1.536080841597684099e+00
1.089045263850057843e+00
-4.617742111141337702e+00
-4.193495544190930069e+00
-3.237611373199359210e+00
3.095410481278429771e+00
3.361234679794705471e+00
3.156579250982273877e+00
-2.058613816411841713e-03
5.535583998887592116e-01
1.890886469112332380e+00
-4.687195892030531219e+00
1.736182213725323109e+00
2.322035961666134352e+00
3.555445027163493421e+00
-1.457413601831334393e+00
4.574521891337569812e+00
8.551837620413316188e-01
-8.772982117661314305e-01
-3.798699588349876421e+00
-2.933753756954052272e-01
2.276068655619090109e-01
2.792004682392200454e+00
1.965452984639686207e-01
-4.876358761604749681e+00
-4.301432258446948431e+00
-1.363359179787195785e-01
4.698731240895273054e+00
1.408419545329292255e+00
-1.007250248818287730e+00
-9.707685315759260192e-01
2.243959351764627019e+00
-1.570782176151854337e+00
4.871080026711494537e-01
-1.134322109526912037e+00
2.638393046109807738e+00
1.056743776233637577e+00
3.046161500346999951e+00
-1.339257572985730560e+00
-1.408113352315370825e+00
-3.530525411796451518e+00
-1.297629413351493621e+00
4.379446258941235293e+00
2.488470104025993557e+00
4.542515520302948140e+00
-6.883051500863643368e-02
-1.118267479779068374e+00
1.730229721193811798e+00
2.230042356500771650e+00
4.152147087218192922e+00
2.940575680309038265e-01
8.575007810164425592e-01
2.527507953609900326e+00
4.764165628657384133e+00
-1.844470277827803040e+00
-3.005490893618638637e+00
-3.555290258094219169e+00
-1.424358504264428005e+00
-2.441373776356300596e+00
8.851838315292414050e-01
4.266551506802302995e+00
-3.900558694208562938e-01
-3.579564036679774297e+00
-5.320243534644353289e-01
-9.315676312402280113e-01
-4.687407136507650840e+00
3.723793869818010194e+00
3.683397259935151435e+00
-1.262825643439249079e+00
-3.592334973888676508e+00
3.917450032978729624e+00
-1.423317903371739135e+00
-1.307754403283225342e+00
-2.527956948743719234e+00
1.166380611414102209e+00
3.121637004954264105e-01
-4.081030162208325152e+00
2.307639473163332511e+00
-3.423726368024436972e+00
-2.987935433282556730e+00
-9.320703301608261881e-01
-1.398116741433393040e+00
-3.026617658130139166e+00
4.301250658406946314e+00
3.722199277520864769e+00
2.454340414052982311e+00
5.098743728525226837e-01
4.311892079712772663e+00
4.330436698630520276e+00
3.526543982324398030e+00
3.480367429356022502e+00
-6.151113582492349074e-01
-1.995870960226698854e+00
1.281532040648574622e+00
1.296309028132171193e+00
-3.030777021766359880e+00
4.809258293904778547e+00
-1.681660444580656444e+00
4.152235448882545477e+00
1.050927971065416244e-01
-3.531385618345671773e+00
-2.990207695500523011e-01
-2.318436034603038820e+00
4.133731579636716447e+00
7.079322110082583164e-01
8.624347102778794349e-01
3.562120480460202021e+00
1.857367243503258880e+00
5.472461869369276144e-01
9.676036421615288319e-01
3.630198859885827023e+00
-1.449341506163293603e-01
4.619347698722087614e+00
-4.808093544176125889e+00
3.748619043868584910e+00
4.968644863999934103e+00
2.866772116115559044e+00
3.836778088289397814e+00
2.861314081643060003e+00
4.263389654543066065e+00
-2.335510292221707918e+00
-3.151111199444323052e+00
1.068828721583063412e+00
4.258800039082807132e+00
-3.824859680806885542e+00
-1.690554203903431141e+00
2.462900928913609455e+00
-3.881787307834486889e+00
3.731455359589806342e+00
-2.996752319643882778e+00
-3.937380669994696714e+00
2.587327735410619667e+00
-4.036836511103721215e+00
-1.348233517698651518e+00
1.477821491439883728e+00
-3.107120718613549659e+00
4.888443151991060387e-01
4.387690232899807086e+00
-2.186850899617244437e+00
2.322340240372239961e+00
1.333918877808693226e+00
3.402471503783377926e+00
-4.505992100880892082e+00
-5.364991417509208382e-01
-1.520954447892658656e+00
-1.546844802383419815e+00
4.429590181650059577e+00
4.638584560742415874e-01
-2.310395818143740065e-01
-2.347730307338188105e+00
-1.194008291010001166e+00
2.236936239030777429e+00
2.326047383974209737e+00
-2.849499330550742116e-01
-2.390921794213051399e+00
5.939331814767392359e-01
3.858774693836297232e+00
-1.567540150814836997e+00
8.081488666835139334e-01
4.015171735619112781e+00
8.619660932095314365e-01
-2.374990091421564642e-01
8.334742118316471604e-01
-3.331054995048475131e+00
2.665909223085534685e-01
4.903884133413417779e+00
4.698233914576375625e+00
1.940093846958696133e+00
3.200991952216758474e-01
-4.642636911439364411e+00
4.331716875258061705e+00
-2.850706869348050176e+00
