-2.108230512324317019e+00
-4.219317206722095648e+00
-3.654722586250469529e+00
-3.735107160029067508e+00
-4.675708680934906880e+00
2.577060710915262121e+00
-2.832450551410277129e+00
-4.659771539602632018e+00
-4.444543698746100446e+00
-2.682552160877396119e+00
1.144522005793604080e+00
-4.983936401506046110e+00
1.657464978717917425e+00
-1.403097740688608042e+00
8.193371346396638444e-02
1.012045196059592200e+00
8.499410842975674285e-02
9.106916038573329431e-01
4.604585238819060677e+00
-3.282676831480852986e+00
-1.086498276936318508e+00
-1.469059207874510165e-01
1.827024277028709065e+00
-3.675048863195885751e+00
-1.049910322902403159e+00
9.427579188089030282e-02
3.605508312499685175e+00
1.827548434644915787e+00
4.361853303459128028e+00
3.506671289112714973e-01
-1.939156516343467640e+00
1.783078083863380847e+00
2.129770037866944854e+00
4.350378007281619830e+00
2.501450582414593171e+00
2.386061606402432034e+00
-2.614694266677541901e+00
4.543346926227386007e+00
3.805887920885700382e+00
2.625149672009562174e+00
-4.872440505778854458e-01
-1.314429338094082134e+00
5.426451452344283055e-01
3.002418809845901038e+00
-3.675642569152957062e+00
-5.887690007062200692e-01
-2.861980614514647581e+00
-1.745477011582482696e+00
4.971482029591134832e+00
-1.125142259060917027e+00
-3.149857205675879790e+00
-1.014789164618079553e-01
-5.227055502513273666e-01
-3.190374604178329854e+00
-3.158501577962425699e+00
2.252087246908597962e+00
9.687489166225358161e-01
-3.971569657084348393e+00
-4.769639255049312965e+00
-3.158828790549964793e+00
1.257037630751725921e+00
1.133692655844951602e+00
-4.926062326779788947e+00
3.315292933113642704e-01
-2.636821557341826328e+00
-3.522241417073439518e+00
6.535432757361050449e-01
-2.975694099238452850e+00
3.537523969340615082e+00
1.695781498763277106e+00
2.751856091401196913e+00
-2.093168226537347465e-01
-3.798164577249006690e+00
4.404616953858113249e+00
-1.054397330935468169e+00
-4.191010502248424530e+00
2.593608649389143039e+00
-2.586425556758653599e+00
-8.127001117199847968e-01
-1.613499277839749446e+00
-3.089727004563247448e-02
-2.957317619386893526e+00
-1.725314794133934182e+00
-1.601808562425529381e+00
3.308169422020384332e+00
-3.969635736045906693e+00
4.864675995963532174e-01
-1.493598594103484611e+00
2.215177550675180740e+00
-2.740339420192384523e+00
1.446635543700507398e+00
2.090883173508784942e+00
-2.104474203253188236e+00
3.840641871948289321e+00
3.599068660616675075e+00
1.914687365984607759e+00
-1.388655136678418334e+00
1.927434623183087226e+00
-2.098765855856690177e+00
3.106646715609421960e+00
2.864447133762235254e+00
3.455280451408519582e+00
-1.552857582099703926e+00
-3.286084964223428884e+00
2.207541635800666313e+00
2.703646201988298969e+00
1.019637843299300073e+00
2.036287468335912010e+00
-3.060098617626389128e+00
2.786000361005599224e+00
3.985015437305447605e+00
-2.925826239535530782e+00
3.346437075889763690e+00
-1.551525981728483217e-01
3.844886708312126089e+00
1.366051182650859452e+00
4.463657228478481898e+00
9.107701340938580969e-01
1.838119051119084801e+00
2.031434034036304404e+00
-1.103903075779513188e+00
4.167711142049553175e+00
2.891739300577542693e+00
6.776735876954820270e-02
3.644629897579655164e+00
4.039377400152400099e+00
2.210477329061077967e+00
3.921412356338615623e+00
-3.912479976179471741e+00
2.311565588616763200e+00
-4.587939662612774860e+00
3.407887605444244628e+00
4.979284071858936400e+00
3.300893942197415498e+00
3.397603045484689943e+00
-3.316027002719319494e+00
-5.843855306933543048e-01
-6.529386861975645662e-01
4.530764381412520692e+00
-4.382838535823659676e+00
2.579502725344787528e+00
-3.930764367790051672e+00
1.031847585078373486e+00
-4.477037962486201117e+00
4.887548400245209090e-01
2.267178222257655307e+00
3.191772900080627751e-02
-3.785470030731913127e+00
8.452488365478485477e-01
2.558679209297311630e+00
3.771086250529647188e+00
1.044369757752288130e+00
-4.900806106238457360e+00
-4.218210181715599916e+00
-1.514830027618827568e+00
3.228794065903485944e+00
1.154140404311677415e+00
2.594657375183296644e+00
1.180272713238670335e-01
3.847700114276461747e+00
-7.257861978062329911e-02
1.979927118962504728e+00
1.218901012148825291e+00
2.279996921465960114e+00
3.913472775690895133e+00
4.538773767984505270e-01
1.551384464570625177e+00
-9.274753261140933347e-01
-4.245548773007990384e+00
6.116299977661547871e-01
1.327711605657533767e+00
4.726578110089006302e+00
-4.716137788108262896e+00
1.518662675359630398e+00
-4.123920812842323258e+00
7.797577442928593783e-01
-1.635498930174206222e+00
3.193278836327413828e+00
4.000353641013338013e+00
1.964499279179203750e+00
-1.899861102604366359e+00
-4.220724165551652973e+00
7.917951712903557038e-01
-2.376297846688232518e+00
3.903773285533549853e+00
-2.715991297854435160e+00
-4.063357172164698383e+00
8.559298298934937543e-01
4.607052106202868202e+00
-4.165021621107456440e-01
1.540073561091357845e+00
1.819582713699481324e+00
1.829663190549217333e+00
-3.794234510735522647e+00
-2.311489518981997282e+00
3.268811120211520205e+00
-5.835881008283658744e-01
-1.161227080668340239e+00
3.729244946259806071e+00
-3.030985578336079289e+00
1.734376206298263945e+00
-4.787429865375910865e+00
-6.098236926935074464e-01
3.669215693670022205e+00
3.420608419585120075e+00
-3.828092203969033491e-01
1.125427071830236159e+00
-3.538537120164640282e+00
1.240964457703666035e+00
4.360796043027693969e+00
-1.064862351503796933e+00
4.560938013925779799e+00
1.171173990283058686e-02
3.880041909848388926e+00
-1.323979859741509557e+00
-3.792782379359989076e+00
-1.142395450927774725e+00
-4.231240919223322905e+00
1.495204296990407578e+00
-2.942816697844845564e+00
4.544026617824121317e+00
4.043487520815469694e-01
-1.594392866803683084e+00
-3.103632054080413205e+00
-4.379674397546212461e+00
2.155050438712678762e+00
-4.245085842520532005e+00
1.672889368775473784e+00
7.269711023041414144e-01
-3.973941947448395240e+00
-3.982114852023452833e+00
-4.090819027472894831e+00
3.393926190793692399e+00
-3.603897609884772812e+00
-2.593766295281587642e+00
-2.489516884804725549e+00
-2.024281824221722204e+00
-2.377261006285987577e+00
1.902160303856877732e+00
4.752267050164104667e+00
-4.818014636779078819e-01
2.063694510513505720e-02
-4.435634360990423630e-01
-4.275000135880064001e+00
-4.447334529289080685e+00
3.135890783422067951e+00
-1.546121896556288178e+00
-2.422712613692886485e+00
8.633092483623530100e-01
-9.401122818056428798e-01
4.284335649074794361e+00
-1.361792483507763052e+00
-6.121257913369895221e-01
7.853002392203638493e-01
2.740289691786767179e+00
-4.241934038455417166e+00
-3.442379283289322967e+00
4.868033656215702276e-01
-3.897599477706910953e+00
-1.525012749948885471e+00
-4.066301375575186228e+00
-2.886058952419985335e+00
3.286791792968104531e+00
3.590955493917093122e+00
1.551011093432422605e+00
