3.845754245493600010e+00
3.048872710653412810e+00
-3.507367844559785564e+00
-2.571679878410606523e+00
2.887348539302076134e+00
1.355743457717625944e+00
5.554934390547270340e-01
-1.477639714018268435e+00
-4.122166692481559203e+00
4.015414389419087016e+00
2.534405134593459508e+00
2.701378443697439735e+00
3.195385996301627785e+00
-1.332938184381147195e+00
1.434298025362025442e+00
-3.043248299880644048e+00
-2.564770608658111239e+00
1.590859955993147778e+00
2.761391992073818358e+00
-3.341559072544551867e+00
-4.079398123606477355e+00
4.356976953175079714e+00
1.084728704180664138e+00
4.456840993302737530e+00
-1.563292302533714206e-02
-4.308680125194287669e+00
3.900570414484215931e+00
1.781414136114991109e+00
4.905804741991934392e+00
2.677654851838937589e-01
3.154948424945867913e+00
-6.303518943139945208e-01
2.747781756963210142e-01
4.256135321209132627e+00
-3.169476425450168389e+00
2.897793500755911467e+00
2.958828663656090541e+00
9.631770703577338111e-01
-2.509485523881858082e+00
-1.055132513404912764e+00
-3.530425880204291822e+00
-2.774521096059880954e+00
2.950384824897436253e+00
-1.456836381343290299e+00
-4.093367738769644326e+00
-4.119574123434627033e+00
1.060726763071416556e+00
-2.292699985572153043e+00
-3.950331051979871777e+00
1.548076944669301014e+00
3.176060096797380439e+00
-6.751017442688880266e-01
4.784312157586851910e+00
2.553439247460593364e+00
-1.636697792066628132e+00
-4.041603983379885356e+00
4.304005449690592400e+00
-2.440977404584285804e+00
-4.568395314840020482e+00
-2.171692125009809793e+00
-1.642193500807008988e+00
-1.598202174808350584e+00
-9.747449671682248962e-01
-3.962629367242982426e-01
-3.549827719434752726e+00
-2.266580132370890066e+00
-3.138391328055899265e+00
-3.179794019019865914e+00
2.676994910358344804e+00
3.312642368670159598e+00
3.120885369010098387e+00
2.747754142749561090e+00
-2.305245457997431302e+00
4.663824171537671148e+00
4.809606730097453209e-01
-1.414138218785948808e+00
-2.477639000209156173e+00
2.147773387549637647e+00
-5.772173328382805835e-01
4.320729836611379326e+00
2.511528919481168742e+00
-6.718220719254572870e-01
4.611506259079368064e+00
3.602464256089740857e+00
7.071222019306802054e-01
1.090223337776160761e+00
1.281923714640447187e+00
-2.826773483755645522e+00
2.018410372333306668e+00
1.688101479731374255e+00
3.852793208141205739e+00
-1.003678204896663928e+00
-2.104701917509065545e+00
-3.323904966357110524e+00
-1.634028718179538764e+00
4.016112046173301309e+00
2.590849472055081648e+00
4.101324261285743233e+00
-1.409846230876365070e+00
-3.273859934783116543e-01
2.600315422020530676e+00
-4.211744632250891129e-01
-3.942231703221430461e+00
3.707187872933111805e+00
8.751126043465227156e-01
3.838768381275292185e+00
4.722741216350168969e+00
-1.337934434653245130e+00
6.024152725508251649e-01
-8.040499662812514714e-01
-2.537471195616886277e+00
3.288405950876306605e+00
3.683160166860426799e+00
1.358483058100724783e+00
4.961577229927090826e+00
4.042794557940055711e+00
4.026103154512080451e+00
3.261064288216621421e+00
1.457239404219745182e+00
-4.350483961254735021e+00
-1.849277791403184601e+00
9.049851823554071473e-01
-3.189289294453372392e+00
4.806979576973990476e+00
-2.638604381711600055e+00
2.346701592066638753e+00
-4.633171789777983385e+00
-2.647924714965206316e+00
4.241118026504279825e+00
3.956556382204599487e+00
4.162778075591953453e+00
-3.908851388746923394e+00
-4.903201289386132977e+00
-1.226870829687680686e+00
1.194094216573700074e+00
-1.920487661879932695e+00
-3.802844833302958527e+00
2.170343056313100760e+00
3.281797386487072643e+00
3.154273593785056562e+00
1.275513737988115182e+00
-4.853734904491665780e+00
1.815405331141729306e+00
-3.379343892093669144e+00
3.230993755081691177e+00
4.122058134145641262e+00
3.551171913010684023e+00
2.716401881443775146e+00
-2.311960159773460699e+00
4.422073743026045278e+00
4.088389497301998077e+00
2.042508135498724897e+00
-3.496259257052811709e+00
6.454664741401163752e-01
1.037014110286119006e+00
3.298754012045808537e+00
-3.965516202091050602e+00
1.094835307007901548e+00
-1.897442503458529828e+00
-4.386937208430627066e+00
4.767030456168996011e+00
-3.284874421732838279e+00
3.847347539824374607e+00
4.382050062614624153e+00
-2.806721789018197022e+00
3.090175858464657921e+00
-4.057076991633214114e+00
1.114902950713018370e+00
-2.599693139497905037e-02
2.461019451514526502e+00
-4.948297937228574028e-02
-8.393817144419646326e-01
-7.435060057839759651e-01
1.841920775563203883e+00
1.083357676480848575e+00
-6.165613862574286230e-01
-2.071235357423510060e+00
-4.939204056303135637e+00
7.560629005612522491e-01
-1.915526263132366402e+00
4.663214195050855437e+00
7.170220153246482653e-01
3.154605727873224907e+00
-2.469658756414183642e+00
3.177065603641100466e-01
2.340164803436185714e+00
-4.080207790925717504e+00
1.106679161475377704e+00
1.298066442987563462e+00
-2.071544545444155005e+00
1.909025654424587159e+00
1.921778518909682987e+00
1.763496200123890745e+00
2.196991056816072430e+00
-7.768592528996389746e-01
-3.101874308586643814e+00
3.028832617702668983e+00
1.722418826373517398e+00
-1.944378177037599187e+00
-2.948150185138026735e+00
1.155890419018659188e-01
-3.898631363567479635e+00
-2.150052986557154711e+00
-3.236919458660750593e+00
8.884393862453334734e-01
4.992040908607473071e+00
1.879424681990560231e-01
-6.611999626832645305e-01
-9.202263173348477210e-01
4.515959924122162406e+00
1.287607532883922268e+00
2.214977748351822484e+00
-4.413160137662723415e+00
3.128769267815805222e-01
-2.587971104429932723e+00
3.470605245926886795e+00
-8.070934727988188229e-01
-2.856559583111555334e+00
2.699084395788845292e+00
3.614842096005665084e+00
-1.399056756311872540e+00
-3.610849462950421973e+00
6.025328739968038860e-01
-2.704286330797680549e-01
-7.867307785024477695e-01
-4.223333247079377628e+00
1.644865793900614825e+00
2.619122205883492427e+00
1.005590479664508763e-02
3.645292192465765524e+00
-1.146823841077545758e+00
1.807097067682841285e-01
-9.352455016137408705e-01
3.114698428862674007e+00
3.227268255378596962e+00
3.208471275046456128e-01
-4.935053852433659571e+00
-2.445310273213934238e-01
4.657402605633912174e+00
-2.169542121719928218e+00
1.625202929344844449e-01
8.891490768383647492e-01
3.387474993416768498e+00
3.060392725856521778e+00
3.964447802817378630e+00
-9.831957746032404799e-02
2.710168262222421021e+00
-4.521212319189656270e+00
-1.034880375500893734e+00
-3.021520798260848295e-01
2.073727240588838505e+00
-1.956962685495237331e+00
3.688202626126004802e-01
-1.076169304405962812e+00
3.407824184181531990e+00
-1.747818433386880699e-01
1.406351043249292054e+00
7.189867540967043169e-02
-2.439471117843746484e+00
-7.204908367425826299e-01
-3.579687578099737255e+00
3.943776501998886630e+00
3.044094118908496682e+00
4.437833159953946449e+00
3.675836112528827471e-01
