1.415432212151986668e+00
-2.125866222834094099e+00
1.870826907235088044e+00
-1.840468451150560902e+00
-3.357343224410289650e+00
-1.707695687359738757e-01
-4.629553565514763491e-01
-1.054338512255412752e-01
-1.236517779813869566e+00
-3.453987394348225770e+00
-2.284543566667427417e+00
1.222294597559327567e+00
-3.216159050240496864e+00
3.952387494222305175e+00
4.863280553311511767e+00
-7.223760358587032471e-01
-1.638784775375980773e+00
-1.314718578111383707e+00
4.511633570775952506e-01
-8.456231968016274525e-01
-2.202881627843310319e+00
-3.879909815419964936e+00
-4.219302225169511367e+00
3.010264834127458933e+00
3.222951081658621320e+00
4.199866976568588761e+00
-3.040196676987286128e+00
-1.615045747912406071e+00
8.585644221704598067e-01
6.326671288837878437e-01
1.159954982541417046e+00
-3.643774989022544375e+00
3.918839940324311044e+00
2.342150903239339499e+00
-2.739597838806258068e+00
1.068496455965391112e+00
4.558594599804813186e+00
1.129862649794604046e+00
3.044587910861636715e+00
-3.162598452441223174e-01
4.858724810201659139e+00
2.175221209426098312e+00
2.754832948727840680e+00
5.430493307646235834e-01
-4.786277212725174035e-01
1.788787982680557498e-01
-4.615104091942392017e+00
3.817925670996004328e+00
3.617969007540640103e+00
3.203968334625149961e+00
-1.741290017254083722e+00
4.022712161329409231e-01
-1.942866020147917316e+00
7.199684034899858087e-01
-3.026535539004819864e+00
-2.298299773279813607e+00
-2.518383132823622361e+00
3.505582802852668323e+00
-2.647893846658106121e+00
-3.678306985292529863e+00
-1.167615925494296381e+00
1.863590539273549673e+00
1.657965255509362690e+00
3.104517761715804625e+00
4.122478790957016415e+00
7.616449047447364507e-01
-2.644228126596968043e+00
-1.573638624350915727e+00
1.668639963495387901e+00
2.776874149241442602e+00
-2.689165416920751284e-01
-2.884011664325778934e+00
3.093023392719274511e+00
-3.442860458049974426e-01
-4.632791739747297299e-01
-4.760306911935639818e+00
1.063663136273606202e+00
4.313400287861924198e+00
-3.714079796919546261e+00
2.590493432070335444e-01
-8.249572948091223878e-01
-4.525364703941474609e+00
2.221949402111568439e+00
1.640568803871101267e+00
5.370307632966184741e-01
1.793662790440417210e+00
5.006519999165891521e-01
-3.096779765774527959e+00
-7.562625187010886263e-01
4.316969679305932672e+00
7.320784392375544458e-01
-7.802635396226271780e-01
3.633900326374122969e+00
3.906608878948671371e-01
1.610407296601784166e+00
1.648273365854714179e+00
-1.226713748333237985e+00
2.467597206055306636e+00
-2.850487186254637706e-01
3.879556303910002057e+00
-3.542039511311576572e+00
1.948975134470024351e+00
-4.748908918056972794e+00
2.125820637290445903e-01
3.904020281441376028e+00
2.995176760215336742e+00
-2.583899775813893740e-01
3.155905859313357098e-01
-1.738331154031876657e+00
-2.328584448551112907e+00
1.458736688060643161e+00
-2.493325450736621818e+00
-1.776332192212033423e+00
2.544414845742315467e+00
-4.087838545226572862e+00
-3.521148522666534220e+00
3.273943733774857812e-01
-1.585014637283373773e+00
-3.499370727025835626e-02
-7.169233675612303180e-01
-3.644281815960480841e+00
-2.438042265882508275e+00
-3.609026384703453161e+00
-3.809962586537372964e+00
-8.450935642030117378e-01
-2.391067618541913298e+00
-3.998130310568259738e+00
4.307026755296345044e+00
-4.114330515940674893e+00
3.553463061036822079e+00
4.506398002141246417e-01
2.425907937281419180e+00
3.598643129204039504e+00
-6.600236949852424928e-01
-2.687986795479078594e+00
1.467815992698598748e+00
3.362937370716250651e+00
-3.832034664710687988e+00
-1.229744883527547961e+00
1.104129543329490204e+00
2.066851059265777835e+00
-1.860604293336832082e+00
-3.213077051061380196e+00
-4.387798691198463885e+00
2.759469565307007599e+00
-1.031875590175161950e+00
-8.394873081690207295e-01
3.980923502882538045e+00
2.972097720980123370e+00
-4.444793175770896276e+00
-4.624283233403383875e+00
-1.582951156532688808e+00
-2.053217352317849631e+00
3.407672374903289114e+00
2.036198590319067137e+00
2.590221204890825746e+00
-3.105696728003624063e+00
-5.968629541684822293e-01
-4.869035551675876761e+00
4.798739699298462114e-01
2.784760136201840375e+00
-1.829359210435138827e+00
-3.090634638296226200e+00
2.382517058830524448e+00
1.542177605827946385e+00
-3.954797363705864655e+00
-2.532767458774392022e+00
-3.151439845446549981e+00
1.564434285446293593e+00
-9.388596106994686608e-01
8.986247216924416747e-01
1.899014079537479693e+00
-2.309693866817249308e+00
3.305489391102328867e+00
3.149161801113878223e+00
-4.075567939584851196e+00
-2.993566390074828831e-01
4.759529690271333990e+00
3.566818259001614422e+00
9.461908565660790416e-01
7.537621562871157366e-01
3.208148062046669580e-01
-2.251667872167904871e+00
3.874721731380718737e+00
3.926430974881212510e+00
-1.444792937390138921e+00
-4.475315548673206578e-01
-3.008792945378421457e+00
4.487565088667241575e+00
-4.893736126742270542e+00
-9.721991409573776943e-01
3.995784041624043770e+00
2.062124765925561931e+00
-4.043913990563465788e-01
2.040119997981638456e+00
1.969823791631245768e+00
1.791443663433085476e-01
-4.201640596112103054e+00
-1.581054264648891206e+00
3.773880247057029180e+00
-3.696199050414115117e+00
-1.163278964263350979e+00
-1.691499057356657953e+00
-2.881267662622288839e-02
1.657710208834477505e+00
-2.577820840447075934e+00
4.927431309540322601e+00
-2.252145170233359472e+00
-2.134499382823735747e+00
2.440694275146404024e+00
-4.507748544147913705e+00
6.315532341906449076e-01
1.277339524191587472e-01
2.462831918689475152e+00
1.532148102671695433e+00
2.568747313608202631e+00
-3.466072853687811595e+00
2.436903262902047729e+00
-3.203973152926966605e+00
3.234698836753698181e+00
-1.745717267871578215e+00
4.792262710785621493e+00
-3.303878840946152806e+00
3.957203665778084911e+00
-5.051095770299909304e-01
-3.392538305973013202e+00
-4.629651382361902989e+00
1.481098782044244722e+00
1.191172529815091252e+00
-2.441599272281310462e+00
2.779464969894104076e+00
4.763351054027904041e+00
-1.405208822712437078e+00
2.272469522405275555e+00
-3.728927030152076938e+00
8.629299898810837144e-01
-3.601994122584044611e+00
-1.125046107366959092e+00
1.443025484642149969e+00
-6.973528626244072937e-02
1.262735703233076157e+00
1.337246757132254160e+00
-2.698371863004189741e+00
1.623809921299762982e+00
6.780884888870309934e-01
-1.076214364073223573e+00
-1.600439269564586375e+00
-4.233392058777623035e+00
1.302778251171013313e+00
4.482875604893640897e+00
-2.923768859427596567e+00
1.112757318699716613e+00
-4.457293241330210876e+00
4.621096109987060885e+00
4.848668056695142781e+00
7.691819019053811601e-01
-3.061330676379006022e+00
4.114214428849527927e+00
4.109003333842197847e+00
-4.751268737350164528e+00
-4.625908670350208141e+00
-3.350050498829520329e+00
3.530650417761661330e+00
-5.481669869906440340e-01
4.293108989302406364e+00
