3.473558246453525289e+00
1.677695379200276671e+00
3.905839575466186098e+00
3.013707462226884903e+00
4.571144989792883528e-01
2.532847034003050002e+00
-4.532484204361824531e+00
-9.040463420127747840e-01
-3.358605908486846037e+00
-4.652030242137469074e+00
-3.027501800017430966e+00
3.112656224988057829e+00
8.273895212639611474e-01
1.047271635112995147e+00
1.631466178364686881e+00
1.769327955539078845e+00
-3.047395480482153030e+00
2.519304569269292138e+00
-4.371422524167355661e+00
-2.377998098551419304e+00
4.973213518546992784e-01
3.636828487126213094e+00
9.078886398338062991e-01
-1.987774581297946153e+00
-1.112430455440428734e+00
-3.604203672910014866e+00
-1.599097540083609159e+00
1.600980745007410500e+00
1.963557794089922037e+00
-2.437505457875592363e+00
4.575986616689176500e+00
4.145668296244864770e+00
-3.887843183279826587e-01
4.852739490948506429e+00
-2.248210820627015050e+00
-4.616859789596618135e+00
2.235774977451138845e+00
-8.445590421197799458e-01
3.900953382461625374e+00
-4.707288847849537383e+00
1.466545568626318685e+00
6.391950038675440204e-01
1.820366261088625981e+00
-4.186886169097773447e+00
3.162912152344389050e+00
-6.272505470332614408e-01
-2.817645252469395789e+00
2.420302744749406099e+00
-4.582812894698410133e+00
-4.947205912516041137e-01
5.989723916448279617e-01
4.319238057153002686e+00
3.708776383154809952e+00
7.408682455031055936e-01
-2.007766617032337386e+00
3.186850262994200267e-01
3.454022465687550447e+00
1.925348773417448589e+00
-1.614781843881115231e+00
-4.973281502348634309e-01
4.919925660552310731e+00
-2.150855300292063843e-01
2.614791423266165094e+00
3.271587194871259818e+00
3.358649667038343445e+00
-3.773677274285873740e+00
-1.920001623576474081e+00
-4.999002721431502927e+00
-4.981420960237627149e+00
1.739753771265423188e-01
-2.734366095761586291e+00
3.016900449246712856e+00
2.770637828201880204e+00
-8.866940169564451191e-01
-3.381263085240437505e+00
1.326041675371852913e+00
-3.351896060625876750e+00
4.672103756086424475e+00
3.226357131966488545e-01
-3.786011195393151230e+00
2.123809622599409863e+00
-3.392512238203427177e+00
-3.891202221291927277e+00
-2.603352056746844223e+00
7.958780372102162159e-01
4.761386226349658024e+00
4.423530216850212859e+00
-4.165461006657595888e+00
2.826809043639836094e+00
-6.534554103225309607e-01
1.554725062907956534e+00
1.482763679268007451e+00
3.066145036198467011e+00
7.820921109320811970e-01
1.608577656006721757e+00
-3.238749920210805960e-02
4.515984325713940706e+00
2.143490693979600348e+00
3.429877892157049857e+00
-1.322893289475979284e+00
-4.725419366957646972e+00
4.337215757875684474e+00
1.213862611298136995e+00
4.569595116531029788e+00
3.620104070486382053e+00
-2.212127824298195211e+00
-4.821666469599093507e-01
-2.091660468958292662e-01
4.731692124422042234e+00
-3.669290695224245891e+00
3.352463131319432854e+00
-6.786409052507307305e-01
2.309033337032651012e+00
-2.830380241904906669e+00
2.832680399151987327e+00
3.917843468288396025e+00
2.347792244964701069e+00
1.057841181082132875e+00
4.197219231513140691e+00
4.915186852443423682e+00
-4.634615945982020868e+00
4.258205825374054676e+00
3.865597565116242751e-01
3.578968254795348969e+00
2.419770731829071764e+00
-3.398051117231204454e-01
-2.818502519241814053e+00
-3.881113154977477997e+00
-1.805073134285164471e+00
1.744282646769210965e+00
-4.366240189899960988e+00
-1.577914696587819909e+00
-3.455443192080820847e+00
2.310088677531790591e+00
4.279281245705502279e+00
-4.256001736367058363e+00
-3.798949440379734810e+00
2.822979725383448546e+00
3.623305699213508646e+00
2.669409342094970494e+00
-1.357124916385596070e+00
4.254281750492379111e+00
1.898301648424368882e+00
-4.878125966697843374e+00
-4.451736939863510045e+00
-7.697012310723302386e-01
4.098481512029905183e+00
3.097448580818213948e-01
2.749323483108130795e+00
2.100247546102724350e+00
9.856903660094293862e-01
3.229492503725341024e+00
4.258328559454226614e+00
-2.972223064055438679e-01
-1.944228989796320750e+00
2.492965054296292227e+00
-8.816681150751002338e-01
-2.635736762424499169e+00
-6.597917808339843759e-01
2.852947369488939344e+00
-2.049685871396869086e+00
4.239210226752964661e-01
-6.462554620518707882e-01
-3.746016140651985182e+00
-4.792477552099080995e+00
-1.876549289000647658e+00
-2.406455669908163841e+00
-1.239392216836631366e+00
2.508317104508573259e+00
3.987977164677505737e+00
-1.116642457431909152e+00
4.506956315580958883e-01
3.791025227578132650e+00
-1.574587305016616368e+00
1.857325880010778807e+00
1.287548333488070407e+00
-1.482286966085742508e+00
-4.754552440200328078e-01
-8.063243421104470121e-01
-4.881856469553674138e+00
-2.250746788999083758e+00
-2.253658037758294430e+00
-8.892873750773643282e-01
-3.683528606790738014e+00
-2.257980023204117614e+00
-4.807085528317129430e+00
-2.515357227866942935e+00
1.441004840720083280e+00
-1.117562033859876847e+00
-1.302571640984764745e+00
-5.661497982566187082e-01
7.170875094802848793e-01
-8.334084078111250182e-01
1.320326738725252191e+00
-3.884838047779582304e+00
-4.372580467354449496e+00
-3.838436229013137524e+00
1.936573115929472122e+00
9.602196999670843391e-01
2.330050480915243138e+00
-1.760217498485452392e+00
-3.554746186831661880e+00
4.916569627282763477e+00
2.054531619326595837e-01
4.106076854558876832e+00
-1.062731791125585801e+00
-2.937596197411500132e+00
3.610782007043078501e+00
-8.951388231353596403e-01
1.604646715258738476e+00
4.028140316681925626e+00
1.705075333866439502e+00
-2.358650704458030933e+00
1.402321600819141478e+00
-5.009769618803746383e+00
-9.142126104399038722e-01
5.081493246406930453e+00
-2.135217140176294048e+00
4.391838706099988165e+00
3.294972452675303032e+00
-4.409062824776403211e+00
-3.493386650556468354e+00
1.708731616704856626e-01
1.101049171697386031e+00
-3.553399828557253226e+00
-8.968902445098888565e-01
-5.950514090278951063e-01
-3.205349071415588114e+00
-4.022755462184847808e+00
-4.491936645743331624e+00
4.765174022554282018e+00
1.055691699330728178e-01
1.336909128050229045e-01
3.031395970840344289e-01
-2.284532453050140965e+00
1.208282814567388730e+00
9.215926008839709915e-01
4.749471791903384421e+00
4.581868026158641527e+00
-9.443767886379016430e-01
2.328484458867200235e+00
-3.915745560292084537e+00
5.287570358556316075e-01
3.751745221157229526e+00
3.685706009914084369e+00
1.366918302515204964e+00
-2.528278226258157790e+00
-2.532594641603399310e+00
1.057886705440526653e-01
8.358697091044180461e-01
1.523763113363224786e+00
3.874574726439864225e+00
-4.516667174121482553e+00
9.852658545991791472e-01
8.480368377012973413e-01
-3.749065702302963654e+00
1.763270947274738099e+00
6.386472459063494700e-01
4.985320711622110434e-01
-3.623769965598230058e+00
-1.202581111593547414e+00
-5.530890560909436093e-01
-7.858472976532308862e-02
-1.831501253852449551e+00
3.734779936122989419e+00
