1.794027335971717818e+00
-4.518536475898176086e+00
-3.352931531399717890e+00
-4.499012086881109873e+00
-3.332287236200851765e+00
-4.719731907366571111e-01
2.084986785047267865e+00
-3.766593234757319220e+00
2.025866706440560883e+00
-2.145720097400744653e+00
3.270019495536939047e+00
2.281990563442901632e-01
4.679524102859954127e+00
-1.641204204099995234e+00
-3.595537320781136970e-01
-4.189587872551438608e+00
-3.443410622575552082e+00
-2.806067101685107978e+00
4.183036201078049743e-01
-4.446946964986308259e+00
8.122607801806012162e-01
-1.859293146983986844e-02
-4.229052172370087348e+00
3.533598243354974855e+00
-8.473280670564706796e-01
1.899704383000236696e+00
1.328828703673322842e+00
-2.770206429806576498e+00
-9.388523319406463230e-01
1.514747165467150047e+00
-1.180464949972959143e+00
2.584264190094206270e+00
-1.567774738547453861e+00
2.998036350678404904e+00
1.681354213004157883e+00
-1.262511143391545354e-01
-7.828634944472101509e-01
3.261559943379605642e+00
-4.465718169528310355e+00
-1.630375117379314620e+00
-4.066916087904086652e-01
1.123617957337282647e+00
-3.987148364284474056e-01
4.866680120219747607e+00
3.870936057107098094e+00
-4.503383690767671865e+00
-1.646698714334245750e+00
-4.865117818089861323e+00
4.837713864196391711e+00
4.892601085780722059e+00
-1.154785641198522228e+00
3.065259169128413674e+00
2.372038894619368676e+00
-2.236010223269273567e+00
2.812368137322876827e+00
-1.241210213143890684e-01
4.266702629608163377e+00
-4.328113404048140822e+00
-1.805418875555280245e+00
1.232037548225621393e+00
1.820773346555210281e+00
-2.693714058580424009e+00
-3.424127770333889043e+00
1.217826951874600439e-01
-2.274904480780526317e+00
-3.420011560249100135e+00
1.341202362411472393e+00
4.874671864778495234e+00
1.627080942802131780e+00
4.851357502167533475e+00
4.109026681599107889e+00
4.188429110825028445e+00
4.540073695774847984e+00
-2.513417327556517034e+00
2.846109334658711632e+00
-1.808223869839213016e+00
6.835559073120400786e-01
-2.401090110274624934e+00
1.846623037678042811e+00
1.769001993293255026e+00
3.075465369277853078e+00
-1.931728728404712436e+00
-4.169397272728678772e-01
-2.453634969903001117e+00
-1.699661859944304965e+00
3.414684095940943465e+00
4.871125422821485529e+00
-5.964994405720691617e-01
3.708455145434129463e+00
-1.087343686960441147e+00
4.325584876845155691e+00
-3.361963771254377065e+00
1.434126345665865720e+00
-1.222957803977902325e+00
4.631944322144722292e+00
-4.619842744604462093e-01
2.175624265671088686e+00
-4.476577767234683591e+00
-3.188823497693153541e+00
4.578644096305295008e+00
-3.169750549602340151e+00
-1.120744446614097889e+00
1.345472445747374124e+00
3.118153587378166058e+00
-2.365975218842910621e+00
-2.550156401741245915e+00
-3.332417347668918950e-01
-1.847084234495242949e+00
1.814029741097309190e+00
1.554318970753692852e+00
-1.185019552614465788e+00
1.893097669724241872e+00
-2.085491824035916597e+00
2.140080066119443902e+00
1.840183376851475927e+00
-3.679951846157303308e-01
-2.201666375776150097e+00
-3.183022607070424392e+00
-1.101632146096653830e+00
4.795927017123050362e+00
-2.966424692517265704e+00
4.013386569135025894e+00
2.432317294997362822e+00
-7.528175161404337956e-02
4.677530674442756720e+00
2.084956094571227325e+00
-4.553135509892269894e+00
-4.749047333299679430e+00
4.869878821217794140e+00
5.978890978213708962e-01
4.785404367925494284e-01
-3.463404457804125869e+00
8.640177730764260211e-01
1.522709427417883621e+00
1.465451400832319173e+00
-3.630401922775586598e+00
3.835562956637195597e+00
3.341288316727718311e+00
-3.484929875571470603e+00
3.016657041777779824e+00
3.122708351037994490e+00
-1.258916949308896083e+00
-1.083107962071031966e-01
7.925072283116474381e-01
-1.851546044499974730e+00
3.939499419128701163e+00
1.517747245863688477e+00
4.306498652108640357e+00
-1.915064376318148298e+00
4.310254180340383101e+00
9.209840015838750560e-01
-2.506915615100663963e+00
2.723125538408060820e+00
2.752577195126138854e+00
-1.145996819184072812e+00
4.412224554033571167e+00
3.338359052024634011e+00
7.356336209932177184e-01
3.367583280361984066e+00
2.207355177502589250e+00
1.640093806845484004e+00
1.723880250167695527e+00
3.254269099064458715e+00
3.189254450731391799e+00
-4.347406828816156477e+00
4.491367933555141079e+00
5.913346186907014745e-01
-2.991038945124842918e+00
-4.754769243144986390e+00
-3.436215863595391440e+00
-2.581705255001085941e+00
-1.470406188291122351e+00
-3.613337587502118087e+00
-1.166445785290845860e+00
3.045134316865452107e-01
3.284398407588030366e+00
3.295839238462218379e+00
2.184695999052539861e+00
2.955802235612938755e+00
-4.258206204652605464e+00
-4.431848493316737247e+00
9.176630592993376134e-02
-3.808262483994388159e+00
-3.748061076804898306e-02
-3.480046302309631745e+00
8.409381779616422747e-01
1.471526469919157698e+00
4.139652904055441951e-01
3.676685997300445763e+00
5.146946244089288802e-01
1.802100506927590828e-01
-2.983411735923309216e+00
6.011243785486417579e-01
4.557599157990484429e+00
-3.495420844265045623e+00
-2.494500352282224220e+00
3.716746629369755084e+00
-7.610667667695114602e-02
-3.711196549448043669e-01
-3.547207480777913258e+00
-5.152110647168879787e+00
-1.735123678149991466e+00
6.949335115120831574e-01
2.562842648692758019e-01
1.817809574323447919e+00
-2.733279295254411601e+00
-4.482046230878273363e+00
-2.010065903190661807e+00
-4.893335090823169864e-01
-2.970655857199853589e+00
3.822322355173277231e+00
8.146676016713456647e-01
2.450478471169601935e+00
-4.668480597432229651e+00
1.483556792659133983e+00
3.453649885248737839e+00
4.776549133715842999e+00
-6.900546270575329544e-01
2.521996944043181088e-02
-4.667243908125328744e+00
-1.819050385965291561e+00
4.169229571009759994e+00
-4.722787050485233173e+00
-2.509867917389679626e+00
1.907913828910792420e+00
3.597023572842597439e+00
-4.031382747644212117e-01
-2.701367333801464099e+00
4.534042268623403871e+00
-3.630332878207877645e+00
7.999254495469454440e-02
9.649611651407861146e-01
-8.832533681514380675e-01
3.221165817521622898e+00
-7.323838674202782784e-01
-4.764200080896440426e+00
-1.256701978966479949e+00
-2.784312855223153527e+00
4.968303068281432644e+00
-2.429160850844933606e+00
-1.050556444557707358e+00
-1.287668937542570724e+00
4.011548283721545261e+00
4.060664866226183278e+00
2.842524477845806974e+00
-2.151524742327351802e+00
-3.629747934886808913e-01
-1.695674733364352704e+00
-3.598785323971480654e+00
-2.690142247419212485e+00
4.025053700762960318e+00
-3.606546904817145016e+00
4.870923534785379871e+00
1.230213436216919476e+00
3.447729240675789342e+00
-3.286285713354499816e+00
4.495905851687313159e+00
-4.639916367644331352e+00
3.475229987583124291e+00
-3.040617762003988922e+00
-2.556849351335856113e+00
4.383840978711790015e+00
-1.971169249934826340e+00
3.741196708946915805e+00
1.536126813045812778e-02
