3.386477470883233920e+00
3.367751741358315343e+00
3.884164974363196743e-01
1.612831431623415579e+00
4.186242205004133687e-01
1.498319170880408890e+00
-4.123399976801875866e+00
-4.967407788738221086e+00
-3.651173700706343617e+00
3.226262063156659643e+00
3.267320682651242425e-01
-1.353411227943688067e+00
5.714393634326291327e-01
-4.478069247217245419e+00
1.008156718396362173e-01
-1.214025848005434671e+00
-1.896309647464647918e+00
-3.685021299501059500e-01
4.546532391152660502e+00
7.026279202819880887e-02
-5.767596620879585911e-01
2.721892932524292874e+00
2.605132461325691207e+00
-2.953625345315063377e+00
-2.361950717384515563e+00
-3.428847777766770744e+00
1.436277071922713366e+00
-1.414051139704175730e+00
4.087165881214472662e+00
-4.335136285993092642e+00
-2.632475541371595007e-01
-3.321011151287919239e-01
2.105234435829844042e+00
4.472417625472569824e+00
4.061559894460988751e+00
-2.068350518186883757e+00
4.581264960360884153e+00
-1.245186171927224139e+00
-1.166381225719210546e+00
-6.186723556140941715e-01
-4.594649323568940069e-01
-2.670196808120420595e+00
2.999022369326183046e+00
-1.144167023545050510e+00
4.141977100141764900e+00
-4.837161937022072422e+00
-4.336807937670918101e+00
-2.805065080457716409e+00
3.524905908576778213e+00
2.355931595788288924e+00
2.835171643186012780e+00
-3.251685277702856869e+00
2.678248374228765716e+00
-1.558999268824461826e+00
3.060842864305634237e+00
3.599746693377682494e+00
4.305789972380029695e+00
1.569375730663338242e+00
-1.497118843341488148e+00
-2.422638341135891160e+00
3.258170076669093085e+00
-3.723273650840558169e+00
1.164494553739302996e+00
4.248012262220492996e-01
1.976670980188588445e+00
3.547870227720760994e+00
2.681308112202352767e+00
2.283519211860471465e+00
2.106403478951552000e+00
4.272602185647538242e-01
-3.759323852364677698e+00
-4.385502726919588312e+00
4.312007921631916263e-01
-1.996547329357063472e+00
4.413264736032812330e+00
3.293410513831595665e+00
2.511464170346083602e+00
1.625943343545111386e+00
3.554427255897370408e+00
-3.782771159546298723e+00
-3.888925486933867859e+00
1.598379318177302055e+00
2.121101479518298305e+00
1.972891623546716433e+00
-2.152967590773207096e+00
7.346859559062477452e-01
-4.952266492941731491e-01
1.561062385072874648e+00
1.857689710862613586e+00
3.859731871096374167e+00
2.287119492537661891e+00
-4.718784264700957465e+00
-4.692739774049971224e+00
1.304760574551623087e+00
-1.123983174684598296e+00
-3.384055374051000431e+00
-1.150664632056704217e+00
3.293627585895215759e+00
1.016871576104276365e+00
1.951441829977032805e-01
-9.015925811228675535e-01
4.777747202601234200e+00
-2.962780637241635429e+00
-2.279690166652532213e+00
4.410915966029158142e+00
2.458209439361457083e+00
-1.100581838095641807e+00
1.308399860420092153e+00
-1.283168292859331983e+00
-8.985293800274944953e-01
4.583677709074182260e+00
3.802662652347786221e+00
3.242540230016725200e+00
2.344625397539705780e+00
-1.894710597477670122e+00
4.229016836462974105e+00
-2.227713479119935336e+00
-3.883439806291020702e+00
-3.181814305848377877e+00
1.702636083569640579e+00
2.482636061270423244e+00
1.391284414124347224e+00
-2.977586737880484336e+00
3.581296963376825016e+00
-3.506980072859140485e+00
3.116997903917790858e+00
2.447301860988408517e+00
4.146950705885767086e+00
-4.896159262513755550e+00
2.607823921818751001e-01
2.584522488577195798e+00
-3.495161550245156512e+00
3.399455089845856648e+00
-3.863651956326461523e+00
2.255102508252041726e+00
-4.265200262000217180e-01
-3.513904303173961630e+00
-3.857159973937950515e+00
-4.410392437613816163e+00
1.084555220277048981e+00
2.172079689845752837e-01
6.462950561230911273e-01
-4.512008719934032186e+00
-3.681894172747424143e+00
-4.671377862545901816e-01
3.102494980771557831e+00
-3.270621590247439592e+00
-1.348906446847172980e+00
7.075564096698921945e-01
-2.094948367558184366e+00
3.844601451930296676e+00
-3.486510617979233562e+00
4.896561067193204941e+00
1.224356405984762919e+00
2.308793978665070856e+00
-2.241800567673784883e+00
3.810836052483768110e-01
4.433943826288681223e+00
-4.402745507696567806e+00
3.695020783992748026e+00
-4.059685870084450698e+00
3.965424751338465503e-01
-1.415195160024414589e+00
-4.116921400628245742e+00
-1.116655703930933052e+00
-1.974522818249179190e+00
-8.023788916569984941e-01
-4.365298814813197481e+00
3.344259706687853662e+00
3.654342299492704615e+00
3.979957503050211898e+00
2.171036264837924445e+00
-2.994428052666078255e+00
-1.362581029273442379e+00
-2.353658995035646129e+00
-2.140352058195647444e+00
3.602432626350743572e+00
-2.041470763014519907e+00
2.564253237370355265e+00
3.758514834441047947e-01
3.696794848939567668e+00
-3.143353213831418524e-01
-4.230578194672906633e+00
-1.528718560017758632e+00
-1.226598071521350475e+00
-3.576627576061876645e+00
-8.682226901408002240e-01
8.245891056792712392e-01
2.713637330928308167e+00
1.244280734899259055e+00
-2.116406596093260983e+00
3.281147042286999493e+00
-4.503485167667794720e+00
2.985112215758073173e+00
3.984621610105450351e+00
-2.992013628941839976e+00
3.107241690269092471e-01
-2.611604382878335517e+00
-5.096581804876121335e-01
2.696586557516420068e+00
3.348551178471425693e+00
-7.390028373582996357e-02
3.781296900921676141e+00
-4.630597813046600564e+00
-4.893446861121515390e+00
-3.344715029303731768e+00
-1.104776616345517049e+00
-3.367150951647580825e+00
-1.473206388922489563e+00
-5.714408616151666065e-01
-7.410195319921508705e-01
4.060824356335976937e+00
-3.793885179992599888e+00
1.747996610046642418e+00
2.887729708324332289e+00
7.949237838429895620e-01
-6.021364115809227369e-02
7.059859080900615647e-01
9.491418517115858267e-01
7.366143780612375291e-01
2.898995842699777503e-01
2.554266561236504085e+00
8.819601947245974127e-01
-1.670520267601263820e+00
2.571803628894314464e+00
-2.541746153644281470e-01
-1.587549949659307957e+00
2.624384691514773382e-01
3.875639880569510254e+00
-1.105406139651525121e+00
2.162580659544465878e+00
-8.131205631774511833e-01
-1.784718737401771449e+00
-1.842018431109879506e+00
4.428660768673949311e-01
3.467297325066088121e+00
-2.296351046064164958e+00
-6.866968021568000680e-01
2.787303937630132289e+00
-3.370901344902718311e+00
-2.276926768459676342e+00
-5.109200916150287597e+00
-4.951521126517829607e+00
-1.241322118928821716e+00
-1.851056163874192695e+00
7.161812634479770567e-01
-1.911842339743484720e+00
-3.962221552610149522e-01
-9.087489378856612454e-01
-3.234301992037428519e+00
-1.601958448087132725e+00
1.470562035224274533e+00
4.356300215033430234e+00
-3.585831420172908235e+00
-4.030337541869331019e+00
1.387420113211154771e+00
2.855848711115842598e-01
-3.280711091092002540e+00
-1.888808893876817163e-01
1.508509487438336016e+00
-4.704767530694207167e+00
2.510496520415566923e+00
8.246764495118131810e-01
2.136307093955294167e+00
-3.092596508807542222e+00
