-6.919623045195131272e-01
3.685030024754773592e+00
1.977906951897397292e+00
3.228242830514093331e+00
-2.586250381089350014e-02
2.111184087210120630e+00
4.690927085074573455e+00
-4.701604212712289232e+00
1.815540921193109725e+00
2.196927279046834158e-01
-1.651630541346459147e+00
3.591505305292308936e+00
-9.225267083946242508e-01
4.194719011461165437e+00
-2.655108749602600682e+00
-2.892813811366627963e+00
-4.902852516873839939e+00
4.411767735774301258e+00
-4.188049658034583622e+00
2.744102641037127643e+00
-1.556310522941473096e-01
-4.635507447116431479e+00
3.769415376207749802e-01
1.013764016592516803e+00
-3.071548036610036725e+00
2.771205428275078653e+00
-3.066072917895366512e+00
-1.367405748230925422e+00
4.980228191575895025e-01
-1.977799467179561788e+00
4.939391026866383427e+00
2.706078559125934646e+00
5.936877497581436458e-01
-1.494369223391063262e+00
3.656576390590206671e+00
1.753010064692489323e+00
2.170307090237869829e+00
-4.996899621538527292e+00
4.019458716964358302e+00
1.657103698008331349e+00
2.377534239533941829e+00
-1.456825730248482387e+00
4.527659301352568555e+00
-3.473884775216742327e+00
4.064229396032743580e+00
1.122226792858087130e+00
-1.569939437202658716e+00
4.356225977552698581e+00
-2.140368882252664307e+00
-4.024184110326202379e+00
-4.926425811849312275e+00
2.045522574465127086e+00
4.629472528840508971e+00
3.072508698110777203e+00
4.594307823073462416e-01
2.376271704913200722e+00
-4.487800232244228305e+00
-9.146396900514868200e-01
5.392505303687119556e-01
-3.912359642311077579e+00
3.229606263143523393e+00
-4.140195812933357367e+00
-4.493787984479197917e+00
4.948703517159759535e+00
-1.488323374939456656e+00
-4.811054738446026491e+00
-3.658727218076393228e+00
-6.081945104979160632e-01
3.340412278409701230e+00
4.327008985613010950e+00
-3.605472030283469742e+00
1.029181883292947797e-01
3.709706113674219097e+00
4.905732844726802711e+00
-2.117520717218521753e+00
-3.845665264117221316e+00
-3.980380712923548003e-02
3.875570370891781025e-01
3.364411477131811878e+00
-3.436255158549451405e+00
-4.724802200254017426e-01
-2.313714758855286213e+00
-1.828356813265749947e+00
2.405891505494119897e-01
3.899130986361203810e+00
-1.800111879516621549e+00
-3.737087990274439164e+00
2.905096697798442484e+00
-4.072455327985417206e+00
-1.155127037543422830e+00
-1.817089523838297804e+00
3.041899590211546212e+00
1.376204722890891574e+00
-3.325625984999458495e+00
-2.129752832775913873e+00
3.531498470874215201e+00
-3.111211533960656084e+00
1.677847641969233194e+00
4.373349606132848066e+00
1.382060840250280087e+00
-4.049936044769064658e+00
-1.163634459439020219e+00
-9.430451813066307309e-01
-3.079373031429109009e+00
-3.158732978572492911e+00
3.799046462423639525e+00
-4.524365019006589606e+00
-9.758761274374263550e-01
-3.832894581051849769e+00
-3.931533646266890614e+00
-2.813965716084577906e+00
7.251425397301911602e-01
-4.431826638258320017e+00
-7.372277102001305593e-01
-2.336482492059726024e+00
-1.539784384061460898e+00
-4.027327044718042259e+00
-2.949948586203051448e+00
4.625754364392854256e+00
2.769034644797812028e+00
-4.459762261280994622e+00
-1.493904086524195485e+00
9.811876853254517528e-01
7.438806138931584044e-01
-4.252753362980702612e+00
4.295930917897559098e+00
-5.043200286122448972e-01
2.720101999810147220e-01
4.318291383585901144e+00
4.845661086355031344e+00
1.380856732117471175e+00
4.416967817667442731e+00
7.526698070385977324e-02
-2.377141420385578741e+00
2.746716111229971169e+00
-1.116486248771929368e+00
-1.428897843894336717e+00
1.385740870646244627e+00
1.594261440775283312e+00
2.259697227745522063e+00
-1.643315777609050343e+00
3.496201437718114313e+00
-4.304653034279065871e+00
-1.840138338831986076e+00
4.301125172874970204e+00
3.991119227192339025e+00
-1.629752602396109529e+00
-2.336157429309927203e+00
-4.292624699708867730e+00
-5.229678568418123508e-01
-4.161099068938121981e+00
6.614625609109028304e-01
3.374527892014532071e+00
-1.211842439050498932e+00
4.373895319074013521e+00
1.785895556190862266e+00
-1.301288238461041580e+00
4.175827790131840800e-01
-2.575178980953091390e+00
3.457941862545908407e+00
1.433493902583538926e+00
4.777754563451285463e+00
4.070370256126903286e+00
8.940243934929226199e-01
-2.678333997267008382e+00
-2.263887087018863209e+00
-3.462748048818604651e+00
4.316692679824946310e+00
-1.828489882938468813e+00
4.050586196468444200e-01
-4.973403983600814371e+00
3.341052495765433505e+00
-1.736344718145612642e+00
4.000322380083433771e+00
-4.481155553842537387e+00
4.820869716256776627e+00
-1.793300776494846094e+00
-1.199746417946160104e+00
-1.499128824283629591e+00
-4.630933238119672168e+00
-2.271693942919620568e+00
-1.862703362077834157e+00
-4.491285322954211345e+00
-2.304632510875572748e-01
6.453469097550623701e-02
4.848075269657570630e+00
-1.797497995324516262e+00
6.016310634971997473e-01
1.485744047181936089e+00
-1.294924742374505833e+00
-1.060215291575894447e+00
3.545875124124307831e+00
-2.322001154815254154e+00
-3.043587359641748424e+00
4.796183994200681866e+00
5.919400390558715586e-01
-1.310602023746629818e+00
1.676403364036477939e+00
9.077075647447321316e-01
2.302590680008097301e+00
2.325435483858870889e+00
-2.673689803439820434e+00
3.398205502301003378e+00
4.025715072644084458e+00
-3.871630324969822290e+00
3.053359426478389871e+00
3.257680215440149851e+00
5.589696376439110548e-01
4.550293967528340033e+00
3.032039886975695708e+00
-1.155128953594010355e+00
2.914569618297647935e+00
-4.382668560532652080e+00
-3.996676376553281784e+00
4.703691754336936093e+00
1.019255340438023794e+00
1.423723489604076242e+00
2.746909634914560527e-01
-6.058074710648662098e-01
-3.274386581019385067e-01
-4.199276611560910588e+00
-1.892053796825151402e+00
4.143912640958426152e+00
-1.218865661385681864e+00
1.949548729977515826e+00
-3.305348732029806058e+00
-9.544552796512819626e-01
7.291698608491179456e-01
2.446139856187400596e+00
2.453802411015217899e-01
-2.346024228235357167e+00
3.118417282852528061e-01
-3.109169817114493028e+00
2.906747855259006030e+00
3.495904854619775293e+00
4.818578506906691317e+00
-3.176359338656304931e+00
3.910962393637840151e-01
2.028463372961887501e+00
-3.917562658096750638e+00
-3.698793733760696867e+00
3.495922195494838292e-01
-2.408077432742129265e+00
4.789470795259369140e+00
3.816546675578793568e+00
4.711697206283503192e+00
2.322168581891565609e+00
6.460111716644769686e-01
2.355613902624447142e+00
3.417690547130039391e+00
6.949940179942597496e-01
-4.997421328191630430e+00
-4.064288991062914747e+00
-2.865285188043031894e-02
3.990441484244511727e+00
9.559257947004429212e-02
-2.170108509342236758e-01
1.261300401219318523e+00
-1.440590273333330895e+00
-1.351218764729150479e+00
2.231244271801605450e+00
-1.693950318241426167e+00
2.442754517275313120e+00
-3.601109053403075411e+00
2.357698070976788074e+00
