1.903742046714200775e+00
-5.644935298138387125e-01
3.116495264544383303e-01
8.239993216130816478e-01
-4.031049614779981027e+00
2.818010342644496014e+00
-3.103885521515691082e+00
-2.625543960492199069e+00
-3.042310028053201165e+00
8.321464839402912261e-01
2.723235422188184707e+00
2.278980199425161501e+00
1.988212001806824780e+00
-4.553847585853276314e+00
2.942200798248618909e+00
2.032810496054850979e+00
-1.469460940013847861e+00
2.939221826587524511e+00
3.380935238794503306e+00
2.502249329022680158e+00
-3.793304570050759494e-01
2.876186958564531437e+00
-3.819463480145218526e+00
-1.821688894017500004e+00
1.495316746363656080e+00
2.046250778110421997e+00
-3.786502760672532109e+00
3.119748512939800378e+00
-4.034498659440765245e+00
3.310193571602434659e+00
4.405885450276825210e+00
-1.275376383451613194e+00
1.289803492379570926e-01
-6.368836991229294142e-01
6.114426645997861343e-01
4.530773064301664377e+00
-1.178052233582746133e+00
-3.049564446250128125e+00
4.036841806107574371e+00
2.561574959801379059e+00
-2.711896501944177640e+00
-2.954548604065313278e+00
-3.170567176610843418e+00
-3.386684627034615147e+00
-2.433206716521492119e+00
-2.761141287885262585e+00
-2.413611718345593182e+00
-3.012233112707391136e+00
-4.928668377495684538e+00
2.661985266330736621e+00
3.658965606424823491e+00
9.712371255551150995e-01
3.813185113447087105e+00
2.170970057919168639e+00
1.608515102253224249e+00
4.885708868457328435e+00
4.902134275667206609e+00
2.075331612469354603e+00
3.255491172192058968e+00
-8.409610190917913286e-01
-1.200859679732038998e+00
3.485828142815270425e-01
-1.156243447871230234e+00
1.573313464106458781e+00
-4.029518964663132863e+00
1.277669221207595740e-01
7.431338225740935499e-01
-3.458515146978057508e+00
1.084719376126898283e+00
2.351700394771965463e+00
4.942670987574146579e+00
-4.935638046406731760e-01
3.786702009657432200e+00
-1.028209358658348727e+00
1.868416394492995458e+00
3.580807428021929084e+00
5.972587150523436250e-01
-1.719261424814359174e+00
-3.701668456980913291e-01
-4.211250518575497814e+00
-1.668222288097135575e+00
2.232532755718199979e+00
3.129408390268606510e-01
-1.929228301476140217e-01
4.795642354315292621e+00
-1.967297661470441827e+00
-4.549454540802843283e+00
-2.905202017808810044e+00
4.579002514448594852e+00
-4.065700977151214701e+00
2.526931321130325259e+00
-1.505248231138178738e-01
-4.979796755002351638e+00
4.042170607201496679e+00
-3.107922293730478458e+00
2.911726340258581125e+00
3.096411026287688273e+00
3.106845266333092326e+00
-4.251247648373529309e+00
-1.373864862362330630e+00
-1.821168067460812168e+00
2.140689203810836716e+00
-1.823095458740676911e+00
1.210319050249474060e+00
-7.843860998849008226e-01
4.387795536234495586e-01
2.878371548648157585e+00
1.834201884924890891e-01
-1.439154695668252160e+00
-1.701062997894844386e+00
-4.778438434757456221e+00
-8.942319030656298295e-01
-1.752369503174682208e+00
9.929074953415266691e-01
4.351002440968976259e-01
2.891197984939831045e+00
1.786595688997275388e+00
-3.531928081092994276e-01
-2.994614434272522274e+00
-3.036956261415291181e-02
-2.971248088034247559e+00
-2.051553410231635510e+00
1.033602263953965483e+00
3.615819344367203314e+00
3.278020934346372428e+00
-2.472808374798191267e+00
4.983585494530965221e+00
-3.856080415943237139e+00
-3.749445323847442335e+00
-3.115692541439570640e+00
2.676269192405953845e+00
-3.596600166223896444e+00
-3.085819666789630933e+00
2.235301169030313950e+00
1.576012419445787849e+00
1.537253743443372400e+00
-2.311844469565134119e-01
-3.858651747013643885e-01
4.895742046733317920e+00
2.330011674700894986e+00
-2.028334897693908623e+00
-1.040187002481332890e+00
5.807460612281323264e-01
4.174578220094472769e+00
-4.266504990171768874e+00
3.405833477220527428e+00
-7.746145762340814755e-01
3.680838238176459498e+00
-4.938559258828769671e-01
-3.560446352629477396e+00
3.647359002297919872e+00
-3.265833496347898546e-01
-4.428731421628377518e+00
4.661567857623932554e+00
-2.367477854153718919e+00
2.491857052837781694e+00
1.343802269781741998e+00
7.647152087639472740e-01
2.323545894151043179e+00
-3.613198796831107451e+00
-1.347059743547976751e+00
2.245089871797468994e+00
-1.232185341410902968e+00
6.759142123865657936e-02
3.417261112038600501e+00
3.721469604246562923e+00
3.660820330644984466e+00
-3.494286581131352598e+00
6.364622428052859604e-01
-1.714890245500648724e+00
-3.049436850054022763e+00
1.678863231553354041e+00
-4.829011406823391361e+00
-3.125202833417414006e+00
2.684415691606930388e+00
-2.440814292194994906e-01
4.997510855999221846e+00
1.969502907142248738e+00
-3.008706700396104328e+00
1.191290138495562978e+00
-1.098124506602262684e+00
2.046575016139264847e+00
-5.780478039495164921e-01
-1.551868181529270085e+00
6.409871971410820990e-01
-1.121339223979495259e+00
4.150310460348325847e+00
-4.933253700896660376e-01
-2.368502167962093452e+00
-3.283759818722264079e+00
2.618711155103038202e+00
1.825734278898380580e+00
-4.344280778451211411e+00
3.656165793709753586e-02
3.344154787351268254e+00
1.678246564084060921e+00
-1.551140030570193673e+00
-2.175291770603671182e-02
1.601877458341545157e+00
3.346005301615504024e+00
5.707603050685117196e-01
4.751082228237407890e+00
-3.371743511164989826e+00
-2.478699960626293830e-01
3.819605225169810936e+00
-2.206617771415838369e+00
8.658616606434952345e-01
-1.011596801519556443e+00
3.892241922591502146e+00
4.914109089410457543e+00
-2.471405535614117355e+00
1.788722657784278525e+00
-1.946622318437919219e+00
4.368880209377577373e+00
-4.315384196379556059e+00
-1.495667903292497769e+00
4.181632510306974027e+00
-2.504085967568452364e+00
2.976723421102844824e-01
-2.755778892669151769e+00
-4.493232808310364312e+00
-3.970222987892790822e+00
-9.880159989402681475e-01
1.032934088719789756e+00
-1.782262750001736507e+00
-3.720003136277416633e+00
1.251291564682068369e+00
5.909454937599374347e-01
3.499244491697359294e+00
-9.130280071476093440e-01
3.717834538590926385e+00
8.329635190035711290e-01
-4.879347879020112799e-02
-3.703327274178203066e+00
3.392329951618100026e+00
2.265918570407458255e+00
-2.145426389755073160e+00
-4.605353820021891309e+00
2.768861701861776936e+00
-4.206564456539552133e+00
-2.538536648971780885e+00
-2.166417810766314567e+00
-1.899376959318445302e+00
2.967128094657348392e+00
3.685692453319848738e+00
-9.142273558409286238e-01
4.566877408682648465e+00
4.500065053967118089e+00
-9.765265572128525307e-01
-3.595865043968111685e+00
-4.959817493663763344e+00
-4.059762263759614243e+00
-3.954117507037748780e-01
9.213905084771925047e-01
-4.811151511094892363e+00
-2.807928459357302842e+00
-2.209021923867257264e+00
4.844138954519991103e+00
3.998953810379999751e+00
3.600042061770336588e-01
1.809661391581565582e+00
2.397631518748434942e+00
-1.954742618705360702e+00
1.815497774007635456e+00
4.042768223492380741e+00
