4.941369973562620643e+00
1.895582156445872357e+00
3.096506964751473134e+00
-9.198436635578950415e-01
-2.520909981938519451e-01
1.477402098984103240e+00
7.614665443050441240e-01
-3.381732684745173412e+00
-3.494420146099233015e+00
-3.280469224828677088e+00
8.956083349963153140e-01
3.164608799527092842e+00
3.285967960748662264e+00
-4.898059536807316761e+00
1.547670229704642963e-01
-4.375163113947439619e+00
3.168075194509768266e+00
4.236560786799001832e+00
3.196961446199964474e+00
-8.033104327674092104e-01
-2.780737482547819717e+00
2.469580831130443244e+00
-1.014856839159383295e+00
-4.055314867216166519e+00
-5.094634182745529927e-01
7.365500263500036615e-01
8.136606000039865449e-01
9.213792718160126460e-01
-2.862561984785573443e+00
-2.850087246197757551e+00
4.690577410417975934e-01
4.753023076463559704e+00
2.230340948194363904e+00
-3.722985110079576110e+00
-2.048347143215165644e+00
-1.776294557073572200e+00
4.104154259592589504e+00
-3.113703812582275798e+00
-1.813296841310312324e+00
-4.800733892111796131e+00
-4.922886742066775234e+00
-4.953143068113349479e+00
-3.675148000699680395e+00
-1.095071000232734626e+00
-2.575125344048683207e+00
3.900019293678571586e+00
1.616345549680328730e+00
1.984278976446089970e+00
-3.313259046413907782e+00
-4.737596684130539693e+00
-3.640751725752156887e+00
-2.182306604982993115e+00
-2.682151907846027417e+00
-2.292422795267454738e+00
-4.809225833070348344e+00
-2.269628976217940242e+00
-3.158118830181055881e+00
-8.716499233596515239e-01
-4.882361976065167752e+00
-2.096832056143100864e+00
-3.053561861921103571e+00
-2.591842813810174562e-02
1.139249606623350175e+00
1.293313945606419324e+00
-2.510586028764528521e+00
2.528472433206757408e+00
-2.783175302656619721e+00
1.480770963400512841e+00
-7.975511806323387631e-01
-5.294775625470329317e-01
2.679395398805088035e+00
-1.413221446936772097e-01
-2.289059318026978929e+00
-4.970009218169703757e+00
1.922605484152840383e+00
1.960508471193307400e-01
-4.778432398922891622e-01
3.940376600256664474e+00
-3.430712571311089754e+00
-1.493216707216170391e+00
-1.473795456037564122e+00
3.187703631667744730e+00
-2.416987262905534450e-01
9.726523566545166588e-01
3.293847353230306751e+00
4.831029218560583871e+00
-9.780546901215760869e-01
-2.176274878606789809e+00
-4.328841066117616876e-01
4.283494426754913320e+00
9.709862111849183464e-01
-1.997635699090082539e+00
-4.048939810193465050e+00
-5.928068901589123030e-01
3.688276387903231424e+00
-4.572699118590428213e+00
1.102587072582716488e+00
1.199883903178912803e+00
-3.327440055284121012e+00
-4.649975228931880977e+00
-7.859298338626343750e-01
-4.644928416448506070e+00
4.912918066048169052e+00
3.085655813145894655e+00
-1.969253489497155840e+00
1.179705737162336732e+00
-1.440771798819944216e+00
3.292729531293833389e+00
3.410863637296619899e+00
1.180559898509835115e+00
-2.894920666729564829e+00
4.127070371643842606e+00
9.994629386856690445e-02
-3.490125643406151390e+00
-6.423622512844504584e-01
4.837708528412839826e+00
2.786872171653428154e+00
1.904359922804887972e+00
1.461120566652796882e+00
-2.684018565461271599e+00
4.890163824614869981e+00
-4.337333607166977245e+00
-3.623010800025971978e+00
-6.745711160967493569e-01
1.438769523114765470e+00
-3.366526586185866421e+00
2.163290295325089652e+00
4.087896906076361248e+00
-3.824872667487148270e+00
3.685365107448687283e+00
-9.859248117249492793e-01
4.624536410155341670e+00
-1.834937538975367488e+00
1.406748765219978381e+00
-3.517458432518374423e-01
-8.135440895129200101e-01
-1.104717293861089189e+00
2.392946570876516077e+00
-1.092786004120982479e+00
-7.839004298179110819e-01
-8.572177950641846067e-01
3.404834798374663407e+00
3.085130612871013867e+00
3.328644235131015705e+00
3.470245552560422553e-01
-1.804742824222937969e+00
-2.830044975071501767e-01
-1.957377460550659976e-01
-4.389093532840711021e+00
1.210660560318102874e+00
4.547271049109260943e+00
1.713760547419348690e+00
-2.246957707389423131e+00
7.882142245314387452e-01
2.489885760349526578e+00
4.801486769792738585e+00
1.031410687552929417e+00
2.397842223921252902e+00
8.350291663392148678e-01
2.953991212673152233e+00
1.347609920674646133e+00
3.480808593517586758e+00
-9.584287749258102451e-02
-6.182472387356776622e-01
-4.465590690787131223e+00
-2.301873919967887261e-01
-1.996013430416865297e+00
-2.894982314432996695e+00
3.816405109055564182e+00
-3.097782797397625743e+00
-3.347612707710791113e+00
1.318398054706902300e+00
2.983908046457911745e+00
-3.650026295063866222e+00
-4.089476851810147195e+00
2.919650754461081021e+00
3.736021096465012903e+00
-3.386785446000395439e+00
3.289310870263316033e+00
-3.832320107708175883e+00
4.962832316956166778e+00
-4.210278127560281192e+00
-2.677846675455304304e+00
2.048528939488736711e+00
4.920877454635053994e+00
-5.848330391399327866e-01
-2.366475962513817421e+00
-1.549889215274380394e+00
3.384162867533657248e+00
9.508424851920436183e-01
-8.256360797328561318e-01
3.122922120194383311e+00
4.801926131884480142e+00
-1.344703842390391202e-01
4.234388058115643005e+00
6.100157270860195879e-01
-1.691638932386227090e+00
-4.373985541750474937e+00
-4.615626235385187570e+00
1.296875882805634816e+00
-3.863575507845586010e+00
-3.443897819840381125e+00
-4.667386489522962201e+00
-1.374188480193119233e+00
-2.701431882479208291e+00
-1.715491315699810837e+00
2.392750035131845365e+00
-2.314161054409449303e+00
-2.605368443920186294e+00
-8.099796202453992677e-01
-3.589776863704540411e+00
3.656527793100732282e-01
4.268922351765880308e-02
4.367160609040173114e+00
3.752090445129262264e+00
6.821673828888075164e-01
3.809718233998880876e+00
4.718251500235432161e+00
3.447501416410801767e+00
-3.281356216631618139e+00
3.619512040832438160e+00
-2.326962566180588166e+00
4.502491517613403715e+00
1.304006516600652255e+00
1.023487076198826173e+00
-2.942372952925331742e+00
3.935658736425354576e+00
-2.400613467676651069e-01
-1.208169072273324929e+00
-1.531118946622634702e+00
-3.556130714748547916e+00
4.332347552727027207e+00
1.567533346493288349e-02
3.200605117474529138e+00
3.535916653532254372e+00
4.685345714442453513e+00
3.645868124089163942e+00
1.029740579904251163e+00
-3.327393713958297639e+00
4.285036551230703594e+00
-4.617393613056687052e+00
-3.246004405595198428e+00
-3.462105649891804582e+00
-2.038826911060171998e+00
9.939412863496412953e-01
-7.989680732104407213e-01
7.724106210016756791e-02
7.658237882044272027e-01
1.635595967333429712e+00
3.940634943578263716e+00
2.073657489155308120e+00
3.328177589511582823e-01
-3.778676249331767156e+00
4.996277520115002702e+00
2.111251145280875541e+00
3.734570221269082779e+00
-1.662412218689119925e-01
-4.277923037785759774e+00
-4.122100797843812892e+00
2.609440519596634367e+00
3.823307504540569113e+00
1.233692236979098134e+00
2.818306645709002467e+00
2.112299230163594999e+00
-1.738043132293355164e+00
