6.898027432218780675e-01
-3.475118643664956153e+00
3.373595150898346162e+00
-2.217316358697885015e+00
-7.159171290848966862e-01
-4.348219970745361707e+00
4.627699659005813260e+00
2.503035168981170067e+00
-1.391913747900481724e-01
-3.083153323468357243e+00
1.906930681916483294e+00
-4.918615614021818239e+00
-3.997372836330266299e+00
4.219997193005962544e+00
-6.560263923908973283e-01
-3.140628100352707897e+00
-4.418410536136214262e+00
-1.010394935468461597e-01
-4.541046252810903461e+00
-3.846589237959947560e+00
-1.690842323537563807e+00
-1.240974531957045102e+00
-7.033708138814649402e-01
3.248778933695394500e+00
-4.229777057810840901e+00
4.018140337826507036e+00
1.487401133509181683e+00
-2.407957728960026245e+00
3.568409912176111476e+00
7.304371070612827310e-01
4.183112023550089376e+00
3.045416936814445918e+00
-3.140695762254436474e+00
-4.884239776276939615e+00
2.886827021412729621e+00
8.933335190243019142e-01
3.917976916713834967e+00
2.653862804012184995e+00
-2.636444416811883684e+00
1.736358390287789710e+00
3.920899068352284189e+00
4.273373623807666277e+00
-3.527873054999537406e+00
3.423776420444195168e+00
2.933089345681297644e+00
-4.477654259198957654e+00
4.610023906860924114e+00
-2.706947209133230281e+00
3.604672965609807989e+00
1.333803655047899106e+00
-2.672548834352399538e+00
9.035149171591028150e-01
-2.519934025721654258e+00
4.275847461348936562e+00
-4.331777688294232931e+00
4.282208560400578179e+00
2.029685762449187969e+00
6.663691566845031389e-02
-1.131539947866068374e+00
-4.582739854289306969e+00
4.845455418570292494e-01
-3.200504060686207630e+00
-3.141432146265186187e+00
-4.493578841898548504e+00
-7.150313894993152175e-01
8.246278555134445298e-01
1.269229420438040989e+00
-1.945062900224044711e+00
1.448984391310030873e-01
1.362456727113841026e+00
4.064982483546238257e+00
1.568560778036234282e+00
1.348668354794602564e+00
-4.426305801306337884e+00
-1.717739508621765054e+00
-2.181388534000285873e-01
-2.306640149437575449e+00
-4.719871652511025140e+00
-2.870062916653750573e+00
-3.266440065558031680e+00
-3.822793459147666439e+00
-3.531485560569149751e+00
4.031477146336840178e+00
-4.158360660987501234e+00
1.351801482668619769e+00
-6.948762640488794773e-01
8.935205114507454027e-01
1.838379404073795520e+00
-2.683663432916630676e+00
-5.609750530814245906e-01
-9.077002762235020228e-01
3.811939673055153577e+00
3.534412332540345147e+00
-3.006600679119237896e+00
4.605816786004584884e+00
3.620817764966224317e-01
4.101757977543375233e+00
-2.861367582767806450e+00
4.602221086633514702e+00
-2.752574814208337273e+00
1.852308730694262273e+00
2.432556687701047160e+00
-3.461399056599052670e+00
-3.988977784545634009e+00
9.566316265572050170e-01
3.983548022659446630e-01
-1.362855101781974554e+00
3.850544714064502827e+00
2.493211002475671734e+00
-1.780701128820394441e+00
-2.242274858355253198e+00
4.119065658261886753e-01
-4.276603709372378326e+00
1.613138874570950065e+00
8.139719517770114265e-01
-2.610106153121414252e-01
-3.467963738303543320e+00
8.047951593054811781e-01
1.761846337866916024e+00
-3.729883404348420584e+00
4.685840737008836854e+00
9.577907982867719383e-01
-4.869745715446892831e+00
2.227309964896710959e+00
1.854268180482574024e+00
-9.929183211791077213e-01
2.612375318927677270e+00
-4.414002755009427403e-02
1.063359360156091782e+00
-4.020740365743341371e+00
3.432585360346299908e+00
-1.391254189114341511e+00
-2.169566945088182486e+00
3.348538858883957303e+00
-3.233537715446529681e+00
3.316812693528541800e+00
-3.308527278031551333e+00
-1.029906868352426841e+00
4.210516031653348534e-01
-4.114118452702973272e+00
-1.923856079532405339e+00
1.309290242178081876e+00
3.765448228378271978e+00
9.387661229082864267e-01
3.150386584514420107e+00
1.837483612688924239e+00
7.027940054763845978e-01
-8.652045152433860409e-01
-3.108579668687928788e+00
4.207046690734333794e+00
-3.206835668841678810e-01
-6.517644110412970093e-01
-4.236564107034482163e+00
4.841141343115307194e+00
-4.606613954511995956e+00
1.539238125527534251e+00
-2.291831964920105769e+00
-3.926711160773019849e+00
-3.409854964492843088e+00
-4.123017806989981437e+00
-1.657433473247684752e+00
1.623806720291911532e+00
-1.988999103523525491e-01
3.751056394923576676e+00
4.552646308417356735e+00
3.437609823293310995e+00
1.562012144168521743e+00
-5.066649360935731039e-01
4.862446881548574851e+00
-3.786109697507342720e+00
-3.082957900216838354e+00
-1.863980721997191559e+00
3.142570610271066656e+00
-4.910885406779925688e+00
4.173125408557952554e+00
-4.095749063345074603e+00
-6.438586171941036440e-01
-4.715157708485406829e-01
-1.008684138665927321e-01
6.198570226959709828e-02
-3.870648346549878660e+00
4.098637910835186915e+00
1.924874949046326833e+00
4.750374205953351137e+00
-2.210379686487087270e+00
3.009533104507053025e+00
2.045248777333199541e-01
-2.428753375602719089e+00
-3.468982708342140953e-01
-2.935796131410026710e+00
-7.834797202671452965e-01
-3.647258605284995348e+00
-1.170793041855262562e+00
1.232298104553467333e+00
1.641238771670161967e+00
1.468698045118070894e-01
2.756248854365621170e+00
2.783248395682663912e+00
3.107592372470055153e+00
-3.225677114245595334e-02
-4.131481487174486489e+00
-4.020074874036517976e+00
9.977137581033712621e-02
-3.480548881040851583e+00
-3.816051658120243051e+00
-3.980617862582559674e+00
-4.889346316523157654e+00
-1.581189638750031268e+00
3.125696250139093024e+00
-7.501454516605310374e-02
-4.079904976514483472e+00
1.317532609713300218e+00
3.159771368566602234e+00
1.360315829687358757e+00
-4.997125689461911158e+00
4.608839407430430413e+00
-1.684782205795839261e+00
-3.916620170689864899e+00
3.202051880093714331e+00
-2.886010276991646251e-01
-3.626699006315043938e+00
3.666746478092424155e+00
-4.448204071930662806e+00
5.595009571356417410e-01
-1.894511157898469911e+00
-1.952295726974357937e+00
2.138519566664554894e+00
3.042786705665145419e+00
9.400606279662140352e-01
-2.948002717897129088e-01
-8.267436082469306058e-01
8.794241489514673660e-01
4.339293104627909514e+00
3.633025342570224581e+00
4.969360270008019498e+00
2.784388238536758209e+00
-1.724612942569602403e+00
4.517260551477480846e+00
4.118106735464181156e+00
4.972682670484296352e+00
1.579335716933617739e+00
7.586301577239584759e-02
-1.288823819796803605e+00
4.454372605616470082e+00
4.643829581561467634e+00
2.144772853441142324e+00
-5.447894043239802642e-01
-1.526648975050852730e+00
9.166910589869816661e-01
-6.362999527830073276e-01
3.479857455667410449e+00
2.118171885050999848e+00
4.213778751815953072e-01
3.424835276054162492e+00
1.310330590569463993e+00
-3.158020249108282052e+00
2.882608730341777559e+00
-1.457430146077771660e+00
-1.956334203090086543e+00
4.100034724665569286e+00
3.726890790282675781e+00
-2.535195166763952734e+00
-4.131873775315475505e+00
-2.714364758346640372e+00
5.240257452948302586e-01
