-4.688642204490882648e+00
8.509508695564527159e-01
2.687124170826971969e+00
1.001306090656557402e+00
3.562917702876877257e+00
4.982613338476626907e+00
1.039737434916975900e+00
-1.066157889912612511e+00
3.273818039935726176e+00
3.786078653917867243e+00
-2.480930656702774684e+00
-2.881289434006486516e-01
6.880614360657553163e-01
3.303401999274575118e+00
-3.520492741276328719e+00
7.678393231253499707e-01
-4.665069572546701515e+00
-1.151104327317819198e+00
-3.336473115124004352e+00
1.316090579780353487e+00
-1.180192066742691281e-01
4.965870938100287901e+00
2.260694328185488544e+00
-1.415443868844281639e-01
2.334102577217461949e+00
-1.137137361752974307e+00
-6.535403877832202113e-02
-7.572205001407459335e-01
2.991216646078411756e+00
3.890693158480889480e+00
1.094228445757883250e-01
1.578122499736291928e+00
-3.305482571347845067e+00
-4.794282441731308353e+00
3.675707053324220652e+00
4.276485672634077417e+00
-2.676742888675902599e+00
-5.618634403955855561e-01
-4.425579727002931563e+00
-4.829891662085325166e+00
4.236147831833100952e+00
-4.962499107516569197e+00
7.864248787176633115e-01
-2.945502628748539742e+00
-2.216988925441202518e+00
-3.245645468584249294e+00
4.447641503917676431e+00
3.077791004211817949e+00
3.634195812788510338e+00
7.516360480115285014e-01
4.367834394885328209e-01
-1.992844992381168634e+00
-2.199282433296825268e+00
4.612741831069111953e+00
2.345199909755764978e+00
2.298615859450442223e+00
-2.725321249486739816e+00
3.457189893631875677e+00
-2.637856676433543157e+00
-2.799324856799455752e+00
-1.838270262936122279e+00
3.301263106024904914e+00
3.066799187358135725e-01
3.163900106814043767e-01
-2.287877232707010933e+00
-1.025260749724185239e+00
3.939730310459093943e+00
1.149420057171028020e+00
-3.194440040888570920e+00
-2.872934231523947002e+00
-1.769232999336848522e+00
-2.710907957778918576e+00
3.677457917412763067e+00
7.206573230683943621e-02
2.099406503763376008e+00
-4.711768232384551780e+00
-3.657239455715864729e+00
-4.228519233474230532e+00
3.059436823902499825e+00
8.502083889088254409e-01
2.676129826756241670e+00
-9.139650775035814689e-01
-6.839937512585265722e-01
2.881463748488577892e+00
-3.796355922092366164e+00
3.521158413355271577e+00
4.460270753605096061e+00
3.061720746348575162e+00
-4.971371183091749302e+00
2.709550094975733181e+00
-4.954658047222154416e+00
1.571668736360781082e+00
-3.621481716763241820e-02
-3.934646606278979775e-01
4.772960880534409256e+00
2.622459884483974157e+00
4.438623694833697897e+00
-7.241368331640494205e-01
-2.744406030539183750e+00
2.597497734123820123e+00
1.572828494015315215e+00
2.191168293418743751e+00
3.769662191159961040e+00
-3.516665219534895748e+00
1.253485124359311698e+00
-4.817136326246050260e+00
-1.662846665491398923e+00
5.153863914641307886e-01
-4.968445780624711539e+00
4.167786501142021649e+00
9.782858547874759836e-01
1.739134501013895218e+00
3.911643117916970169e+00
2.818247409010647964e+00
-4.007176416844249189e+00
-3.264842799789609007e+00
4.259657942721103652e+00
2.120192118728372321e+00
1.899296838937162057e+00
-4.273973252082941876e+00
-4.586364418306899893e+00
1.245558107409538984e+00
-2.939093424618483219e+00
-7.007855582670154959e-01
5.193254488984955231e-02
2.876285354294654262e+00
3.454292006432314821e+00
-3.043052584897222523e+00
2.310038661935072568e+00
3.170741522151930170e+00
-2.824515100850017113e+00
2.587779017130172221e+00
-1.954506891284022441e+00
1.514337230731282347e+00
-4.943855305764941477e+00
-4.929930625994475513e+00
-1.903248278894330348e+00
-2.174678557809542667e+00
-1.951764094155744367e+00
-1.123742805243470588e+00
-3.397029082748178830e+00
8.457165016010037562e-02
4.961160632177751495e+00
-3.535099325193638897e+00
4.024517780738044337e+00
4.244773823621491360e+00
-4.768280276461249301e+00
-1.608611985792539834e+00
-1.916574905528914741e+00
1.178779120473647524e+00
1.917696765546978099e+00
-3.289648360106669500e-01
-2.246226712473370135e+00
2.164279663399444331e+00
1.870058557339100425e+00
1.012708821774631396e+00
-1.774195396788779355e+00
-2.553618933215334508e+00
-2.421899904012604132e+00
1.536170179670928171e+00
6.351880922603259094e-01
1.102169890216550208e+00
3.930021642814455873e+00
-7.933950589238749629e-01
-5.926671574984085922e-01
6.797180732362324562e-01
-3.210848704641904305e+00
4.652686596844393563e+00
2.887367747914145966e+00
2.353721438892141471e+00
1.451479760438582289e+00
2.900834752544181327e-01
-3.086149811663921660e+00
4.709013796954883091e+00
4.488119504409372240e+00
1.014225258259666695e+00
-4.592444270175722210e+00
1.922075593505776503e+00
1.198088556793340587e+00
4.223898516004140902e-01
1.215601132650250271e+00
-2.989647691775898508e+00
3.419935499689362501e+00
2.888803785687386494e+00
-1.748157281752797054e+00
2.390156578326250170e-01
3.225731676141528226e+00
-2.287570030154658873e+00
-2.722974222911590303e+00
3.090758597776940064e+00
3.360597176907017314e+00
-2.882590372258129197e+00
1.924358234080777663e+00
-4.985745393278003590e+00
4.978547722693125621e+00
7.480909754877496098e-01
2.725885643595796992e+00
-4.175971787990684803e+00
1.638179367552929477e+00
1.190446687409675519e+00
2.740628499800303430e+00
-3.388468069884531531e-01
5.686966267175375123e-02
1.493542246539567131e+00
-1.603513049028226778e+00
-2.600419512614079665e+00
1.094915622086797491e+00
-1.777808994138037058e+00
6.981930900027277787e-01
-7.333560458477883515e-02
2.933571210970287169e+00
4.067641615259177001e+00
4.212875515936902460e+00
7.743238175635278608e-01
4.055113368211886282e+00
1.030571745724806476e+00
4.611854967593474797e+00
-3.929296656702683244e+00
6.602209538242833631e-01
5.851404118369396556e-01
4.160583066355071580e+00
-4.986505433407099730e+00
8.522900276750080550e-01
2.819667913091619127e-01
1.662201786929059288e+00
1.950953608355376900e-02
3.287516416537474839e-01
2.299024391513150078e+00
3.944392456056418084e+00
1.353753876446701199e+00
-3.426202096304535871e-01
-1.200767567687279769e+00
3.943267320439510115e+00
-2.372402166314472538e+00
-3.398099592810632785e+00
-4.122206546970574870e+00
3.742524732077111338e+00
1.142418011688616453e+00
2.570268041577490337e+00
-5.695558333865680112e-01
-4.711724194467915794e+00
1.496246147566610674e+00
8.068961770256466437e-01
-2.012852249566411622e+00
-4.499487279516536375e-01
-4.860462381612492777e+00
-3.294642626304296051e+00
-1.803928766968567743e-01
8.065934229103657316e-01
4.340453180076757178e+00
-2.601527582824282092e+00
-2.210469185628482158e+00
2.276388914828921806e+00
-3.274411512397337187e+00
-1.744400759716260296e+00
-3.485067473143528272e+00
-3.048738853179866481e+00
2.310245928192222742e+00
3.423957058231792416e-01
-4.888894160967479863e+00
-3.122689525494245721e+00
4.160824966357084875e+00
-4.835405742732481471e+00
4.312688166720157312e+00
3.038701315382446921e+00
