-1.942181640005478105e+00
-1.633297431201566452e+00
-4.249866377645497018e+00
-2.087633029179094546e+00
-4.160615038094537255e-01
2.484670331366474194e+00
1.808997166382023236e+00
-4.382871486354144253e+00
-4.695554919288898787e+00
2.095522673477496767e-01
-6.697497051131984236e-01
-2.801637605709986545e+00
4.406822487450876125e+00
-1.305413806204951621e+00
-4.245217599185924229e-02
-1.891008614625642625e+00
-6.128699039513032520e-01
-4.015685783503083250e+00
-3.528860358818507237e+00
-2.433374879035154592e+00
-1.450953867300620814e+00
2.812487790172417235e+00
-3.799839030335606438e+00
2.648475830820665067e+00
3.059674134370396814e+00
-3.414427835643309539e+00
-1.013697765788199590e-01
-2.551827886075681118e+00
1.203910430850050339e+00
-4.196274288299212785e+00
-1.909820163806682292e+00
-4.868808017353442708e+00
2.495898012540701316e+00
-1.612045548918466631e+00
4.287940988813150334e+00
-8.531383404284866856e-01
3.074699663929084892e+00
-4.993302881899616352e+00
-3.120077302953871534e+00
-1.616840669055883417e+00
2.360350839926393718e+00
-4.129278954503527999e+00
-5.245545558973248035e-01
-4.499560529711801315e+00
-1.882732738644381509e+00
7.565385697985771429e-01
-4.600626489553071963e+00
-4.650819221502798584e+00
4.389107724566162716e+00
1.850952744735372413e+00
-1.907437512323830742e+00
4.909096180069543180e-01
-4.343994153160113392e+00
-3.003312721233023730e+00
1.285451372663502845e+00
-2.844561499388569281e+00
2.030168782036903430e+00
4.819327933939939967e+00
-4.330897299306868398e+00
-1.164254216324067226e+00
-2.981454461035056624e+00
-1.906377908449249148e+00
-1.005163313359020094e+00
-1.324634272830781834e+00
-3.141874364999711844e+00
4.109746954476458214e+00
-1.774105847903304500e+00
-3.455638892580070731e-01
2.530968456591713878e+00
2.715007029931228999e-01
2.451462367768150408e+00
1.934045790551145894e+00
4.665923178625520862e+00
-5.618195892397681579e-01
-4.579493834926783080e+00
4.030903600434017520e+00
1.603559398173441064e+00
-2.148946409320266149e+00
4.302204161311075303e+00
4.425659447198419194e+00
-6.936651333499647132e-01
4.875823464400185436e+00
2.377831361612031458e+00
-4.129198360898564069e+00
4.760349853862063441e+00
3.534398065259726884e+00
-3.269024412410885816e-01
1.110403399173210737e+00
4.688521541101636103e+00
-3.664862929647296763e+00
1.270628810628917194e+00
1.243349909209070958e+00
2.655584404673478449e+00
-1.771812429244822074e+00
-2.518792926056324655e-01
-7.723892541976571380e-01
-5.596234711902479120e-01
-4.380023772219524325e+00
3.215090378236110880e+00
-3.818802156106694046e+00
-3.800692965477701524e+00
2.741279992171101298e+00
2.072566305498194872e+00
4.304410483050720160e+00
-2.437703605350282632e-01
-4.512885366381139463e+00
4.494213793865808881e-01
4.079724134599425511e+00
4.931834327942171470e+00
-1.529909393024588837e+00
-8.245548024879383320e-01
-1.286511621215292500e+00
4.531702624602791829e+00
-4.057365846849492641e+00
6.472491116109502229e-01
-3.922050199650934932e+00
7.704693180766923888e-01
-3.660639007523259103e+00
-2.546782203968268821e+00
-1.517621101704380582e+00
-4.001158467078198555e+00
4.595331817668586893e+00
-4.719468391540557306e+00
3.419743647365381278e+00
-1.095120052770139907e-01
4.840367022566375965e+00
1.250367543767993084e+00
4.771785420803190902e+00
1.552384244658643553e+00
-4.928797066912082414e+00
-3.513306320466055510e+00
2.635825514531013880e+00
4.193999347282345802e+00
-9.697460882394057791e-01
1.771780083661871785e+00
-4.244734393196372579e+00
-6.765081893515091371e-01
-4.715808262707527732e+00
-8.598746769494010067e-01
-2.206501769555012871e+00
-1.835128180807100717e+00
4.164222775659562004e+00
-3.294973522675284983e+00
-2.614721314152816056e+00
-2.970254980139609202e+00
2.001151992292154347e+00
-2.669415514791205979e+00
-4.605214264952875780e+00
-1.952396942632032228e+00
-3.564449788989150214e+00
-1.758189845882798252e-01
-8.782795512459651288e-01
1.486553679751745349e+00
2.851471004894181593e+00
4.774971017476114632e+00
-3.795323763318066312e+00
1.325072387337335122e+00
-4.277143947955418746e+00
1.624363073536891022e+00
-3.564464404437464040e+00
-2.518971972836486550e+00
2.422137822127573337e+00
-4.374614608940458282e+00
-3.550689702131252012e+00
-2.737595896053504063e+00
3.743458784550277585e+00
-2.353055147075240328e+00
-2.923732729570391875e+00
4.290846230048231291e+00
3.199976938348155775e-01
1.484677535206706533e+00
3.244515537027342855e+00
-4.424584460697271737e-01
8.758642329939068105e-01
-5.158960623858000361e+00
-5.386633723960638775e-01
3.199124383067442068e-01
1.440303934082839632e+00
-4.137783819235262506e+00
1.578240794330035612e+00
1.278991510510593343e+00
1.244721629837273413e+00
-4.464231287230844281e+00
-1.618232239422789043e+00
3.090675480958156029e+00
-9.516176530568731806e-01
-1.011895889582415720e+00
-5.789497467528592622e-01
4.046179684817833966e+00
3.964090785527419669e+00
-4.507064908261145142e+00
2.921878194788770422e+00
4.590329885258077169e+00
-4.090221233968730274e+00
-3.884992125524266982e-01
-4.465033450034299634e+00
-4.227541743093813587e+00
-4.933275080173538107e+00
-1.741620179015559433e+00
3.167112875852673426e+00
4.464656400572859951e+00
-4.150154352840859318e+00
2.301225169415950234e-01
4.989267088778339243e+00
-3.120358201017547461e+00
2.505167159558489232e+00
-2.954066357601478288e+00
4.349184727381108395e+00
3.512322945262235097e-01
-2.461933315840506786e+00
-6.387522801990090926e-01
1.333300600513736001e+00
-3.084008496004532418e+00
-3.112883426760275629e+00
3.930505154004919177e+00
-1.450153783216052039e+00
3.424788210951268397e-01
1.525602741372975579e+00
-3.115350237441987247e+00
2.615610942213058454e+00
1.467953919052730427e+00
1.318508234405580737e+00
4.501338703948916553e+00
3.538377940062746418e+00
-4.753036785706150624e-01
-2.357497467258407031e+00
-1.475436137835957062e+00
-2.403643704748904320e+00
-1.795022216567980777e+00
1.974594695550195178e+00
-4.301739967872910242e+00
5.295362615495768921e-02
2.794986714779410519e-01
-4.736327581235752149e+00
-3.461591917872791635e-02
2.881735909307938215e+00
-2.365836245858501385e+00
4.351685885950865362e+00
-1.742455530234105154e+00
4.129353089728519777e+00
-2.327537236430115009e+00
-4.853776502887168220e-01
-4.763506802567834875e+00
2.645071311404576520e-01
3.763581745167428494e+00
-1.340281446855913217e+00
-4.445750405853907239e+00
3.465434961289616922e+00
3.125344601723616833e+00
-3.743562290891637723e+00
-1.470447714019862406e+00
4.440272722586060539e+00
4.883431200161213681e+00
1.183652836539001107e+00
-3.229808504070512676e+00
-3.628634544752077140e+00
-5.969296277256175287e-01
-8.766105358199722808e-01
3.771082583627514140e+00
4.619893648794251462e+00
-1.398321766124715371e+00
3.350647505566884732e+00
2.050487842079760092e+00
-1.200790794309944953e+00
2.066199604134838275e+00
