1.932881110389353729e+00
3.894853605794246221e+00
-3.662796339416487523e+00
-4.277499101132048231e+00
-4.338101626988883908e+00
-1.521097921680381049e+00
3.099550405534753139e+00
1.666653728468902251e+00
-4.122531994055249172e+00
-3.532820104509731607e+00
-3.380758218032429152e+00
-4.301306132027050921e+00
-3.641888791172769313e+00
-4.542743933350532615e+00
-1.332095955487616834e+00
1.832567421626762894e+00
-3.065106055471291668e+00
-3.536737911010234825e-02
-1.972770024821799417e+00
-2.355111011157063672e+00
-8.269449141518281365e-01
4.591163392458694759e-01
-2.429075124329679092e+00
-1.961302299998399779e+00
-3.817610723887531421e+00
-1.701854312701836847e+00
4.636711923596470442e+00
4.054811206423091008e+00
4.652526794574447067e+00
4.491740657849678797e+00
6.456832741269460385e-01
-1.764515600838498788e+00
-4.771681337640721665e+00
4.084914410575068544e+00
-1.819547299302894938e+00
4.308650953676583129e+00
-4.731709861417733975e+00
-8.951433282709686523e-02
4.605664791460261753e+00
-4.595416545562053479e+00
2.047920375364141954e+00
-4.736880743664796611e+00
1.597339425292880755e+00
-4.079904224153938941e+00
2.799580686962784171e+00
-1.932058590480900673e+00
1.911836599673470971e+00
-4.077584995072292884e+00
2.106131037334422196e+00
-3.730158112160011363e+00
-4.088055187387418243e-01
-1.964650969938699365e+00
1.473441494939304874e-01
-1.501968357357404749e+00
4.367036247959998008e+00
3.603822978380780029e+00
-2.309072991649991025e+00
-3.155261546650334203e+00
4.866396154063451718e+00
1.442925896427684762e-01
2.887420720947466712e+00
4.249736626552429897e+00
-3.099160094984468650e+00
-3.932944491765749895e+00
-2.431116014338803311e+00
8.432409817915083039e-01
2.837869787496996921e+00
3.244114221169645873e+00
-3.028392270533175612e+00
1.489258384513057365e+00
3.212389359454485671e+00
1.189103074468997434e+00
3.079551324910850596e+00
-4.291194845265815516e+00
-4.133211676234042287e+00
-3.853274602309536334e+00
3.193580579792927310e+00
4.944859662111513288e+00
-1.998292494035693867e+00
4.830726531631547971e+00
-2.659362049244339055e+00
3.887461832534997441e-01
3.438167884483895875e+00
-3.518867023331303301e+00
1.361607899984253578e+00
-1.273763291233187545e-01
-8.952122103162176714e-01
-2.576921622750764307e+00
4.610303611875764318e+00
3.814405934230784112e+00
-1.642889229090637393e+00
-2.395109832218792256e+00
-3.865542408839146571e+00
4.483106710778498538e+00
4.557025017415774926e+00
-2.665699171018730773e+00
4.533641068339701263e+00
-3.086914201276182990e+00
-2.974876123329336153e+00
-4.033887857790436904e+00
-3.872487378384187551e+00
-2.386253312961460260e+00
-4.875825844758727712e+00
4.996338703921766822e+00
4.704086607669658804e+00
1.907814866329200498e-01
3.549363338197700557e+00
-8.978597230025684439e-01
-3.770690145989331832e+00
3.303610788413758215e+00
3.407764648333001745e+00
2.687188512052124167e+00
2.276207951646433969e+00
-3.890593807741162813e+00
4.802102650098367675e+00
-3.811388373037456478e+00
-4.717589666263554804e+00
4.706232169489249273e+00
3.732794662244305783e+00
-3.199005075064973447e+00
1.161233099427033899e+00
-9.701479341169658710e-01
-4.965403406035621359e+00
1.732279804011190194e+00
-2.314799803335814143e+00
-9.376139710910980085e-02
1.313007532694502544e+00
-5.521393307560531483e-01
-1.368606426922597485e+00
1.155770111547484547e+00
-2.161948728883098525e-01
-4.721806703917686754e+00
2.521029005551598701e+00
5.605206872135060081e-02
-1.474368809670264291e+00
-4.161450240848721727e+00
-1.518886792137194242e+00
-2.146027678006541262e+00
4.436256197552914671e+00
-1.114183230789161705e+00
-4.748085460944318825e+00
2.748821538931696118e+00
9.276570422800685112e-01
2.972022650412732503e+00
-1.375721644452915449e+00
4.767128618355748415e+00
4.803130601608494032e-01
2.708538209885710479e+00
5.835054893224338457e-01
-2.138114870060658035e+00
2.565546025101807182e+00
-3.244934057347493184e+00
-3.409412143166195008e+00
-4.042079792937225413e+00
2.638313086437194865e+00
-2.685752076245292663e+00
-5.013327149531512816e+00
4.482291501543986811e+00
1.270989047895181301e-01
-3.636657478070881577e+00
-4.719144780876530554e+00
-2.486884663389246963e+00
-4.009083111831003521e+00
3.223559519363789150e+00
-1.277157018027277324e+00
9.068392296211957859e-02
8.050705319629312129e-01
-4.964090534389117515e+00
-2.388371867171286134e+00
-2.642239273354452855e+00
4.363539878747804579e+00
3.798338787720044962e+00
1.997120967650402257e+00
-3.226439980818114339e+00
-4.056374767259032232e+00
-6.629503926961071159e-01
-4.524894969722923932e+00
-9.244517999923971274e-01
-1.035511654736662734e+00
4.252395021100994654e+00
2.827566443050362643e+00
-3.755786910999228123e+00
-1.629315093696676264e+00
-3.487044342005939601e+00
2.242374786567324918e+00
2.069921520691758943e+00
6.199029039603454194e-01
3.616534736920339554e+00
-4.622657156502310016e+00
-3.191635809512559874e+00
-1.315864515758407904e+00
-3.466033056860551298e+00
-7.433750076711787003e-01
-3.057080224931556511e+00
-3.020760288644138924e+00
2.654694974967350518e+00
-3.822874673105105092e+00
-3.103731949434545889e+00
4.984738543623926432e+00
-2.782573058223942741e+00
-4.829927017644129350e+00
2.181291302758983974e+00
-5.116239155257282789e-01
-4.292554544238872616e+00
1.944644447722694736e+00
-1.584482101046555402e-02
2.804319646941007882e+00
-3.795559695683144774e+00
4.940483776702937924e+00
-2.179483894309698577e+00
-4.895750494526526886e+00
1.128015064543307133e+00
-9.904047294761397779e-01
4.477161808967336398e+00
1.995064989456357907e+00
-1.614090882923532533e+00
-8.438255762334581078e-01
-2.722654554325020015e+00
-1.362342580001514092e+00
-2.154220672194799846e-01
-1.306546524954424804e+00
4.816828390265952109e+00
4.238546328174889410e+00
-3.321583311382507731e+00
1.388064030856572373e+00
-3.817745708052577847e+00
-4.001665190520188986e+00
6.359992243702823345e-01
-2.275161805090241351e+00
-3.637315555401459122e+00
3.924493598100042391e+00
-1.351802185976830550e+00
-1.774911447345053350e+00
4.928988487831430731e+00
-4.881881918188577529e-01
2.729440664622543977e+00
5.789233654436660714e-01
1.644374092361352346e+00
-2.619516512666430152e+00
3.919732703805690832e+00
-3.875048286657778451e+00
-2.678527235917655513e+00
-1.243122143725684303e+00
1.632915437439142803e+00
1.716136117330854027e+00
4.588278150514375042e+00
-2.047308158787581878e+00
-4.301121088513149004e-02
3.419662310394274485e+00
-1.412901158288693004e+00
-1.411023186748412428e+00
-4.101467420105865180e+00
4.480974472335670811e+00
2.706580995655079924e+00
1.708026847795764136e-01
-3.278339950437121342e+00
3.075213848252564830e-01
4.017253501526733217e+00
-9.138450516781659871e-02
1.078774085188690890e+00
9.840820704210564429e-01
4.641723834025908602e+00
2.725397969755238847e-02
-1.202508560134518234e+00
5.692487413635092253e-01
