4.621893100233450014e+00
-3.394059512698978653e-01
-9.467312870018220750e-01
-2.392524555745787762e-01
-2.096491327799511417e+00
-3.708322095267409857e+00
3.411620595376687604e-01
-2.717578974943013481e+00
1.761167893916305793e+00
-2.096591243053763876e+00
-1.478179462260728272e+00
-3.823770165792705900e+00
-3.442572627176154754e-01
-2.136782871060338707e-01
2.165982951336258289e+00
-4.625049043705966589e+00
8.239648902850573720e-01
1.021805626283070367e+00
-3.877570033391286586e-03
1.178833525964023465e+00
-2.703080622788839094e+00
-2.890227809725434138e+00
-4.606994180408764961e-01
3.173705441697293850e+00
-4.673574631036547800e-02
-2.213037667425670207e-01
3.294574797372023411e+00
3.638159521421149734e+00
3.814278011114943467e+00
-6.418510049128155481e-01
2.708403121776042255e+00
1.651751035955712377e+00
-3.376507777779502728e+00
3.027562452732521336e+00
-6.429635114939848961e-01
-4.105888114856890425e+00
-4.633549820107760731e+00
-2.201222229257878915e+00
8.296956170288680710e-01
-1.283704224522550508e+00
1.728184506396328146e+00
1.718825401184753021e+00
-2.523781025361600872e+00
-4.722183160131922186e+00
9.829303491706478102e-01
8.801325927872583055e-01
-3.689922403706313858e+00
2.012245533912473405e-01
-3.412383171022383976e+00
-1.094091594774634579e+00
-4.571560699877570855e+00
-4.858060184871028753e+00
5.239727613523710303e-01
-2.214267067003175549e-01
3.833532178540731916e+00
-1.296586755195940022e+00
-2.165830995995984942e+00
1.794331673238572566e+00
-2.026147423648474888e+00
1.825256514304369304e+00
2.851160552436905249e+00
-2.195055299189314635e+00
4.177704009959262166e+00
-3.020546904075577466e+00
1.881403555577751519e+00
9.020738071282288217e-01
-3.504072665398205721e+00
4.528090754525450734e+00
-6.697589369245224855e-01
3.938121886480915990e+00
1.353421173187277171e+00
-2.628838293173059171e+00
1.480044246045344458e+00
-1.991006676514648355e+00
1.161616182567128952e+00
2.290046771025080474e-01
-9.740551521024976012e-02
2.243905465802422228e+00
-1.683780804221612915e+00
1.610433315767113349e+00
-3.301467623850221855e+00
1.295128590957443038e+00
2.730242048960462853e-02
-1.676110180559088114e+00
-4.815505044431859005e+00
-3.039849885094909610e-01
1.135894396538001949e+00
9.578894352345832530e-01
1.458789025258019123e+00
4.288205669367993522e+00
-1.158235458512443694e+00
-5.941829477661011438e-01
3.047233199467331843e+00
-2.406696465944002661e+00
3.473583200942925053e+00
1.902376830396804941e+00
2.062593695084355083e+00
4.468095331778517476e+00
-3.577686258377694717e+00
7.576864062257211430e-01
2.422731021908711035e+00
-4.961219347430743554e+00
2.293976057745692465e+00
-8.540797035265246251e-01
-3.206511884062005713e+00
-1.136129520650549729e+00
2.218463846294705721e+00
3.939194823721448913e+00
2.541378921184409556e+00
1.920456175574926760e+00
1.866477665140699571e+00
-4.726498530239970464e+00
1.100730675787987112e+00
1.125179404751445844e+00
1.359243895811546032e+00
1.567693604003897789e+00
1.137937149410446880e+00
-1.294096553785093473e+00
3.385707627569329858e+00
2.471588824048482014e+00
2.414388225283415679e+00
-2.067696422639914822e+00
6.589470809798312345e-01
3.525649114137886286e+00
-2.365618851624213814e+00
1.430273426235894263e+00
4.746237423340105011e-01
-1.938070606284896247e+00
3.756635383047490784e-01
4.328696791097912389e+00
1.667369964434543661e+00
-3.895607024406185559e+00
3.730899918734161602e+00
7.143807844210270375e-01
3.608457027699202513e+00
4.757272419103591332e+00
3.467439911362012239e+00
-4.010361275335997955e-01
2.536634896154788876e+00
1.540381689259940678e+00
7.033382366513460937e-01
-1.562135875894308246e+00
-2.110427581782403639e+00
4.314460222716173909e+00
7.987132469112671052e-01
-4.362885577488082589e-01
-1.128944609014232991e+00
4.610089105759389128e+00
-3.958633923320359571e+00
-2.137482052683425060e+00
-2.050204636154111526e+00
-1.818180125918466006e+00
-3.363658366300108504e+00
-3.278791475431023450e+00
3.716502944200360758e+00
1.739246228477115075e+00
2.520098784596771502e+00
-1.949869594138903928e+00
-7.185043679632472369e-01
1.725977194897737876e-01
4.610347149381970766e+00
4.967812966155399579e+00
1.605650141870024639e+00
-2.977146399398545640e+00
4.008918870219623898e+00
-3.927077965609410359e+00
-7.533634711604104695e-01
1.562196619256370766e+00
1.792380535595539115e+00
4.364104734482818770e+00
5.411866158639275781e-01
1.873839007808849821e+00
4.676842243477056016e+00
3.868365479896404224e+00
1.003073037861272887e+00
-4.411191752119431264e+00
1.402016961937090578e+00
3.697695739453397579e+00
4.954155711897780812e+00
-2.074531523475541039e+00
-2.194879022587302941e+00
-2.287538891308447120e+00
-4.712609683797863269e+00
-3.080901590109841326e+00
3.854760392613075126e+00
4.308868730221154131e+00
-2.123363898137988759e+00
-2.105164416526337234e-01
-3.196239456645892041e+00
3.384209157272643154e+00
-2.765840033506895779e+00
-1.668528247944168541e+00
2.137073927493015613e-01
-4.018754540076244552e+00
-3.278338878916758681e+00
-1.997524582674217175e+00
4.514964879854911572e+00
4.214459745014966785e+00
2.267407697409547396e+00
1.393401179302369286e-01
-4.927923575834278758e+00
9.987833384355049304e-02
1.647887923416437417e+00
-7.693268386215210697e-01
-2.309789759402408826e+00
-2.315721195463257054e+00
-4.092565121214616575e+00
4.051542233854334540e+00
1.966236071456349599e+00
1.147072809716984665e-01
2.121509333508266870e+00
3.061546494280953823e+00
-1.924505181935611597e+00
1.865847124821664593e+00
1.367401941710636670e+00
-3.006117598418836856e+00
-4.994657150669734591e-01
4.558632612764965231e+00
-1.262772825615265049e+00
1.452672653096374944e+00
-2.518160727489937578e+00
8.031322712572268596e-01
-3.177775717939166356e+00
-3.173116948958307759e+00
2.093384759728239786e+00
-3.929989145046262067e-01
3.728878835709171113e+00
-2.731440081578063506e+00
1.468556326072279816e+00
2.087843416235674709e+00
3.870656183655167393e+00
1.277793302142402609e+00
-2.272252195455042312e+00
-1.747214491154763238e-01
-4.554866365074079937e+00
-4.847831969854353495e+00
-1.137411199158417041e+00
2.818473763918206032e+00
4.984508722032099826e+00
2.215097357400761524e-01
-1.821099199412378411e+00
-4.876030363930819789e+00
-4.785672800414988437e+00
1.622590732655684320e+00
3.870159355240934573e+00
3.669426960569159846e+00
4.024359543406287543e+00
1.548457509696079093e+00
4.600782450835083637e-02
-4.324378438984783912e-01
2.823831047722075382e+00
2.904565916323772257e+00
-4.855770858941572676e+00
4.319710836195445935e+00
3.729263194460832764e+00
-4.048949380069266191e+00
1.085323884678571771e+00
-2.607392473117347009e-01
-3.638115751398895092e+00
1.217110774653800798e+00
-5.089376623805357269e-01
2.180007134978318106e+00
3.328411858314714422e+00
2.938260980205718909e+00
1.155058492315555796e+00
