2.724858663864599961e+00
4.780128754170252847e+00
3.588205947179437416e+00
4.732871646994311732e+00
-3.008366967468285580e+00
-3.156438910691542254e+00
-5.104042738088843123e-03
4.548588826029247301e+00
-1.533439858456927318e+00
-2.054707299773992357e+00
3.491944798280259832e+00
4.018461500065205527e+00
3.648482487340874769e+00
3.808491619263639549e+00
-2.544725636333792451e+00
3.430964796352320434e-02
1.213963035692230186e+00
4.690133944075641992e+00
-1.234617197790454313e+00
4.890015662035601451e+00
4.069587190329260196e-01
4.269086269339455342e+00
4.387436797066165184e+00
-9.555762685822477565e-01
-1.530452847850477305e+00
-3.644698029976145559e+00
-9.761522942319942331e-01
2.499516721551601428e+00
-3.108740272173247110e+00
-3.745135995110207006e+00
3.454188341073262336e+00
2.335630541257468273e+00
-7.765336034367642526e-01
-2.944688972612113709e+00
-2.431245249850710888e+00
-2.401059587198641765e-01
-4.627063258854867911e+00
2.167031128751015778e+00
2.521491377828915859e+00
4.958430377468646455e+00
-3.489421447345076643e+00
-3.258806573128994799e+00
-4.046150828275063560e-02
3.535091467092332351e+00
3.817930787058070763e+00
-2.096857159629962553e+00
-4.405895747585191202e-01
1.361632269380987914e+00
-7.332112284810152758e-01
1.411503981966523824e+00
-2.228393009880247355e+00
4.050526539553537475e+00
9.522357869470665648e-01
-4.240015552428283208e+00
9.602030093486444429e-01
-1.160884932637066491e+00
-1.956006473925999689e+00
-1.859951399672861161e+00
-2.536929315848923672e+00
-4.114282778225407888e+00
-9.468708570633559418e-01
6.453745085619244648e-01
-2.504114223872754508e+00
-1.805856376409725961e+00
2.366798099273761391e+00
3.755397245826605612e+00
1.546824446528342278e+00
-3.545344361920616194e+00
-2.052382854980627780e+00
-4.584690890375114236e+00
-2.653741793010073735e+00
-1.274595424275758226e+00
1.178542961002730927e+00
-1.089675763854578427e+00
-3.977931277176456337e+00
-3.638712112758345718e+00
4.992128755507826199e+00
6.312852290768786734e-01
1.201384133036214052e-01
4.166610250430716533e+00
-2.931723799002886821e+00
4.136102527174358556e+00
-1.642965616012261876e-01
-2.026030799492893664e+00
-4.773571074590421404e-03
1.680389550295102730e+00
1.433146740504076533e-01
1.833507552447690259e+00
3.396869671940249802e+00
4.563728772107340959e+00
4.902302408830630398e+00
3.632276451793616801e+00
-3.075074293628209610e+00
-4.865877759210066600e-01
-3.915175828263733671e+00
-1.050340710383907972e+00
4.216248169151489478e+00
4.803641514667454260e+00
-2.417290222148760215e+00
7.047937359687299619e-01
-4.901458695954294065e+00
7.140974791131426969e-01
2.317021172916033933e-01
-2.737066102865437500e-01
4.247682110735487626e+00
-2.148993550883406822e+00
-1.071252489760123883e+00
5.810976221083166138e-01
4.529215247700717484e+00
-2.820815546762516224e+00
-4.667137826466543515e+00
-1.631390998268507087e+00
4.730816895982467685e+00
-2.212532642823358486e+00
1.059151133394600208e+00
5.538054356098776054e-03
2.570780902833296189e+00
3.863421402095619683e+00
-1.034205373322513388e+00
-3.872247012238176911e+00
8.032441623018709009e-01
2.053342245405565869e+00
-3.311648324633007512e+00
-3.651056338783255306e+00
4.495639225011029083e+00
-3.588828126057028722e+00
-4.749101676156248786e+00
-4.739772869396102095e+00
-1.077742692552331683e+00
-1.468353904005035293e+00
-4.128804265660303230e+00
-1.611883874898137670e+00
2.858090939669154729e+00
3.561214351577241644e+00
-1.100429811685954551e+00
-3.406847882625885227e+00
9.749498873002293564e-01
-2.264735101946192763e+00
3.961266767576928416e+00
-3.628281850956474042e+00
2.196061131294451130e+00
1.519897135148697842e+00
-4.482002112778609160e-01
2.022172880223598312e+00
5.087121209447484915e-01
9.834763701048903073e-01
-2.308134020312735402e-02
2.158853761518082948e+00
-1.275355244778083375e+00
-2.339363529633404770e+00
-3.247444601641090500e+00
-3.753504370832087211e+00
4.547511868571287863e+00
-4.585975127133929519e+00
5.278803845468421629e-01
-4.062629243249737954e-01
-1.409186011674916639e+00
1.764975854100177266e-01
4.685802938440556176e+00
1.567867560462245180e+00
4.364519972442263196e+00
1.971009610037963711e+00
-1.703460941909521686e+00
2.680470503811245742e+00
2.649315144247323062e+00
3.962150346313551452e+00
4.004810585794809086e+00
-2.029700151807664277e+00
-4.116012094260826260e+00
-1.210176871552199884e+00
-3.638246702235688801e+00
1.357046304194700959e+00
1.239279372721233230e+00
-2.058378026917472070e+00
2.512755645642371860e+00
3.012381263697974987e+00
4.814508988407407486e+00
-4.976935904415728196e+00
-4.083010939573495257e+00
-5.585419342291250699e-02
-1.936828203055006803e+00
2.196916411824835436e+00
-4.834777171325566947e+00
4.742303323185200981e+00
-2.342486976625091977e+00
3.579849094230004525e+00
-4.466577200340426046e+00
8.606458312375142583e-01
-5.674232369614014004e-01
4.050236953506074045e+00
-2.631729052120000301e+00
7.256851315470395081e-01
1.204353266459840199e+00
3.970194220087043036e+00
4.061053124461173169e+00
-3.856933081288497434e+00
3.435887412740326496e+00
-8.311772673099593334e-01
1.888788209503426962e+00
-3.892673543091811350e+00
-1.521407918642348811e+00
-3.625884910121044413e+00
-4.459204629910494155e+00
4.109986652336798940e+00
1.566416635057064077e+00
4.727091837668207397e+00
3.883089857182349558e+00
-1.886201571796597420e+00
3.932435175113340620e+00
3.399622747166276326e+00
-3.985971182081682329e+00
-7.293105542522653195e-01
-4.335953776473838950e+00
4.869157793428454895e+00
4.306863311531147431e+00
4.474914481573982528e+00
1.648794955244357041e+00
-3.389451798449884201e+00
-7.043268214602687038e-01
1.916492081665489122e+00
8.305528365918775080e-01
4.679213056388668690e+00
2.829016644195974983e+00
1.437457730279551038e+00
4.881076675683232224e+00
-2.204442343415065064e+00
-4.182579274830514393e+00
-2.628080394438495837e+00
2.839502959325699294e+00
-3.014866245580263282e+00
-3.816823244647261859e+00
-1.961362126461843047e-01
4.079011549200098230e+00
4.173637576217487322e+00
4.309379276597841368e+00
-2.786889078914696949e+00
-3.154287862308458035e+00
3.476024064019922477e-01
1.433238705541837632e+00
-4.086177269711926741e+00
-4.791012947832019364e+00
-4.439170700808436898e+00
1.538830286773896106e+00
-2.684171413702848064e+00
6.247422248490721586e-01
2.389926631941411195e+00
-2.520087333755196557e+00
2.992319765247958507e+00
-1.444549220213118268e+00
-4.608482961331628935e+00
-6.412961754044657070e-01
-3.003344230358915290e+00
-1.693844012343455052e+00
-4.442055486900750694e+00
3.777622990059164465e+00
2.232554333260290846e+00
-4.544795933743553285e+00
-3.487334796634520284e+00
-3.032973700418707175e+00
4.845688315480257913e+00
4.831979668717393039e+00
-4.062885010032194266e+00
-3.289643256279861205e+00
3.309528146407652915e+00
-2.279929693972051474e+00
