-2.353201651202034839e-01
1.757048945547325935e+00
1.741193019618262561e+00
-1.444829930773464888e+00
-4.362395580931186956e+00
3.563954265851439374e+00
-4.723468090592596980e+00
-4.956846133505225183e+00
-3.566447315051171074e-01
4.091063312469930935e+00
2.762946844674496916e+00
-2.980042550220587394e+00
4.335948056907158232e+00
-3.808460884116121825e+00
4.725673089456766007e+00
3.933385471207699879e-01
9.407429703599223814e-02
-1.441870953940193267e+00
-2.367932480158996267e+00
2.139454063565073838e-01
-4.501769227708001253e+00
-2.987298124053567872e+00
-4.174916252413560791e+00
-1.242903105227233240e+00
1.233040818068252165e+00
-2.069302595945870848e+00
-3.190115180895586100e+00
-1.020787658276116616e+00
-1.165963428838310278e-01
-2.571302552867045232e+00
3.637390918499422199e+00
-3.435349895161010636e-02
3.791564550747567708e+00
-3.778373070238920661e+00
3.875479958807373393e+00
-2.286105625189561508e+00
3.853943129133238443e+00
-6.004703211842921107e-01
2.141105689779117860e+00
-3.532317509265366695e+00
-1.947353346658908801e+00
2.559752773801307058e-01
4.732391165737613647e+00
-2.760282635465047818e-01
-2.489471154900995131e+00
-1.365889310845944671e+00
1.157606200188689982e+00
1.653574210531948196e+00
-2.039477327006037122e+00
2.315699330036257386e+00
-1.414495294458613106e+00
-1.550474541192232714e+00
-3.759599912588049708e+00
-4.718533333374547389e+00
2.471603986234426564e+00
1.355007665328326283e+00
-3.109369121063787489e-01
4.645320642398804267e+00
1.119755699558120376e+00
-3.084854730538105549e+00
-2.229831344684488847e+00
-3.522864328989747662e+00
-2.471441219177039628e+00
3.496476093250937112e+00
-4.331431379207627330e+00
-4.675708052849566698e+00
3.503498308398677707e+00
-4.924775535735001597e+00
3.696909015880404326e+00
3.804765428784977033e+00
2.647178770411855453e-01
-4.541939830407070389e+00
-4.560064998324805607e+00
-1.464819549079235728e+00
2.459042985777829315e+00
7.927411411927085538e-01
5.119944071431081767e-01
1.033667774898281877e+00
3.463024764446734238e+00
4.913720201431715395e+00
-3.552354519186907922e+00
2.298099395915105703e+00
2.196256856642802013e+00
-3.664476726779718696e+00
-4.213306159672972839e+00
4.966175091950507436e+00
-4.874487372824528819e+00
3.708183358436924593e+00
-2.536694977102735837e+00
-4.011572692698672782e-01
-2.559601551570199973e+00
3.240450060803292232e+00
2.173528447954388376e+00
1.820920820313825850e+00
2.060535043774152086e+00
-3.076106707303969401e+00
4.452473976540144207e+00
4.841227038046103104e-02
1.639855040157202737e+00
-3.295235100199289668e+00
-1.278077181365002701e-01
-2.772534706709879337e+00
-3.119417762964503460e+00
-1.048564531867461902e+00
2.320011161495090235e+00
4.604783189215984507e+00
1.011685839129169651e+00
-4.494799202506092328e-01
-2.754570151424112545e+00
-2.150628746424949611e+00
-2.461348661173519137e+00
-1.839198057047912727e-01
-1.272335103067963047e+00
-2.968359680354506480e-01
3.232443525263281714e+00
5.883669295150619760e-01
6.526267933959406520e-02
-4.077839556974609536e+00
-2.277855689290173569e+00
2.040145641212331995e+00
3.391959610100178324e+00
1.289429049241231695e+00
-7.799860602160961776e-01
-4.580297271654979241e+00
3.941584842815968770e+00
-2.991667741632869415e+00
-3.692997046732173771e+00
1.143256249900780119e+00
-4.180852607679459432e+00
-3.441309289786310899e+00
4.090375285338286204e+00
-3.258639128208651314e-01
-3.109205832650918655e+00
2.956494211466615063e+00
-3.704998913212004474e+00
3.107631057078350523e+00
-3.406980700042803178e-01
4.919122731989823194e+00
3.539990681584182397e+00
-2.777426829360925886e+00
-1.839000175712899310e+00
2.022100642946106142e+00
-2.721468411343836991e+00
3.201561403583626841e+00
-1.278727368152026145e+00
-1.910212720980272394e+00
-3.485146853782476128e+00
-4.108452766749167928e+00
-1.039535415118582051e+00
1.476858251821698609e+00
2.350715732832657778e+00
3.166987355709943941e+00
2.078215487037690323e+00
4.794183796468233894e+00
3.856711020320510386e+00
-6.130774224178789922e-01
4.741409968794656038e+00
-4.290969775129028108e+00
-8.594927688023261680e-01
-2.455456215480848137e+00
-2.166215624831688835e+00
-1.253491334684508018e+00
2.844284527594778567e+00
-2.907216780348015561e+00
-2.966101586843640447e+00
-1.870839973556932545e+00
-2.380471985871262852e+00
2.446960870790996445e+00
-4.726142630029310787e+00
-3.685697011293415315e+00
3.469852644551155052e+00
-2.310954435238742555e+00
3.458334320874872247e+00
4.314528400616818971e+00
1.322422458709487714e+00
2.239494558466422092e+00
-2.406116230136718936e+00
-4.846972788846061420e+00
-1.509836164296575411e+00
1.805039703149935448e-01
1.460754708622184594e+00
-2.715323309831884302e+00
-1.376103837989570700e+00
-2.802705123809001719e+00
2.875502956518687370e+00
-4.023269626358860762e-02
-3.429478586439579146e+00
-1.259679091925153038e+00
-4.922009220514737216e+00
1.446789109542889307e+00
1.707188530821283301e+00
-2.996410190168835364e+00
1.952233539977309640e+00
-2.707821044978789615e+00
1.459741057407274667e+00
1.566961386535314915e-01
-2.580521624415204940e+00
1.430298133947228933e+00
-4.522276772773037301e+00
-2.979718502859787232e+00
1.763250966678544529e-01
-4.033597355760655034e+00
-7.881349880542254382e-01
3.761145260037679350e-02
7.963120339834901529e-01
-2.822674174869103325e+00
-3.756362178156145148e-01
-2.864818289266577445e+00
-4.290479980386036729e+00
-1.864791292596068573e+00
-4.717301104188406313e+00
-2.784920746547856485e+00
9.765648502588950564e-01
4.356074524419355498e-01
4.701530278720264633e+00
2.188080168087282118e+00
-2.746556866421387078e+00
1.668764730113498906e+00
2.293820400152588590e-01
3.317790523098446798e+00
-4.006034102945097430e+00
1.267053516893970055e+00
-4.039606972482338243e+00
4.394319815891504888e+00
-1.893717361435032220e+00
4.515269918066982413e+00
1.132022634361288027e+00
1.679611086750643523e+00
-2.426927952965872493e+00
-3.134754940909403320e+00
-3.670736167151846807e+00
3.277137555767220434e+00
3.455118086887583928e+00
-1.251526845973784940e+00
2.053412695113823183e+00
-3.503008824030250601e+00
-2.532714262001625194e+00
1.995243981999959004e-01
4.099128362967885408e+00
3.876782103087444753e+00
-2.741672341243983624e-02
2.511735568662119888e+00
-2.340154531633755752e-01
-4.166811550903076977e+00
1.374118285893484170e-01
-3.273443286849709644e+00
3.122472680390043109e+00
-4.689924624760800853e+00
-2.883295939130405827e-01
-1.434990267057453472e+00
-3.171136943202687242e+00
7.487935567435997086e-01
-4.793860347606315742e-02
3.056157275979250798e+00
5.482264078455898471e-01
2.010907724197235957e+00
3.174726073585221187e+00
2.093791549993828660e+00
3.456894001676468875e+00
-2.310136700375363894e+00
-9.093898698060485231e-01
2.636149107349954335e+00
-1.610146606295628224e+00
2.525534559242728960e+00
1.095480297108913703e+00
