2.083651229729822418e+00
3.654489797565533493e+00
-4.544288914779198940e+00
3.946866327157211529e+00
-2.895362832928387586e+00
-3.095399803784113502e-01
-1.561239403513576818e+00
3.071623698137537772e+00
-4.534957314981650001e+00
1.471703982076759232e+00
4.519835710450099242e+00
-2.862023293894050191e+00
3.469311684216117797e+00
-7.992674644204447176e-01
-4.166288849009500694e-01
-4.184252580433243551e+00
-2.403501939439260049e+00
4.613226405094756899e-01
-3.092164395906312535e+00
-3.962167740007523697e+00
6.880166877144056059e-02
4.032710593176696889e+00
-3.126462685269983055e+00
1.182606026803673771e+00
-2.222542685409970353e+00
-1.646007292789023246e+00
-7.944824117641466898e-01
-1.174370128130630686e+00
1.387158484893822319e-01
-2.364209628861912993e+00
-4.343205810156756996e+00
2.891151412942729593e-01
-2.446323428936322486e+00
-1.394705789685764863e+00
-1.794743374695340954e+00
4.929286148403326351e+00
5.007760431105845456e-01
-1.457495096870676576e+00
4.256077066820745713e+00
-3.291430169354290225e+00
1.021380931618658394e-01
-3.752506404488751279e+00
-1.187262026335282883e+00
3.303719619151223696e+00
2.876609309700236317e+00
2.884724062280008994e+00
2.726239735454695001e+00
1.384651511126046231e+00
-6.062907580556586851e-02
4.009938778656415792e+00
2.751375353069718699e+00
-6.433420658598674180e-01
-4.678705031104418488e+00
3.664646640257348764e+00
-1.829161782046671014e+00
1.380067430391385130e-01
-3.100655228860862422e-01
-1.072402924305392524e+00
1.723073663318093196e+00
-3.147771077354791558e+00
1.676871655575866704e+00
-5.552513180121456671e-01
1.747862640865865735e+00
-2.721804110848019320e+00
-4.416271520396373162e+00
1.177217895231684963e+00
4.588665792373333829e+00
3.387891522863277771e+00
-1.214637872037584110e+00
4.106169885698694344e+00
-3.605383187635627706e+00
-2.105223898421843209e+00
-4.364296694314093727e-01
2.402925860855606111e+00
-4.045023075453002548e-01
-8.919472763886879818e-01
-4.744372064631843244e+00
2.026107894180051439e+00
3.336508906715495826e+00
-1.224870469464904854e+00
-1.591800391883514187e+00
4.336860505747328176e+00
-4.415758048540672220e+00
-3.472044661086988171e+00
1.210228658041120120e+00
-3.733493070488647980e+00
1.954821380013664012e+00
-2.480729811013438812e+00
-3.149738361153500144e+00
-1.168438495750068196e+00
4.456875444734237135e+00
6.935924086519413834e-01
4.606688806933508573e+00
-4.767938579866456195e+00
2.458975198797697104e-01
-2.678906209591827015e+00
-3.421540980568911205e+00
1.559142527127352906e-01
-4.245355102237406975e+00
-3.343478722900423694e+00
1.311949826813355813e+00
3.787935626117741705e+00
2.589697318045535823e+00
3.546002688000935876e+00
4.940066793369853215e+00
-1.789912838389265737e+00
3.262483703832286253e-01
2.176781009941958445e+00
3.592355055801247588e+00
-1.873972388683586843e-02
4.395541807417055580e+00
4.643298959711287921e+00
3.947321648472966515e+00
4.265092804603314747e+00
-3.737601060344944770e+00
-1.348181952972953290e+00
-2.834397135034993909e-01
3.031948490756629866e+00
4.290785060632909875e+00
-1.240431808274871983e+00
-4.567393427709991016e+00
-3.220130269056999062e+00
4.312556306804648187e+00
4.287536351514535937e-01
-4.744244601132775685e+00
-1.178462041409127359e+00
-3.145545688136274443e+00
2.883598028912427225e+00
-1.590384324369794378e+00
-1.687755894656209676e+00
-1.660625029130585517e+00
-2.266197822230413550e-01
4.394309794139603653e+00
6.185074992853927256e-01
-4.509373349926312002e+00
1.888272925657972223e-01
3.691344434605268177e+00
2.809294448634743979e+00
-4.473383486502119588e+00
3.679551125864888306e-01
9.353043821885780318e-01
4.465905050438346180e+00
-5.934841462374613741e-01
4.174534514494091297e+00
7.462909493719269705e-01
-1.883471735144563119e+00
6.255958916514172685e-01
4.604637433445937234e-01
2.112758198238884333e+00
-4.431227720250292990e+00
-6.525841856057521539e-01
-2.376140568002372611e+00
6.184780284745716727e-01
-1.253230040458356065e+00
1.198046311970225375e+00
1.839745944385758669e+00
-1.438426897901966761e+00
1.231152105341415393e-02
-1.195511892283587230e-01
3.717768060518952922e+00
3.998819562606341194e+00
-4.373727845908329748e+00
1.933038915628539911e+00
1.709598361486923679e+00
4.735848652016388272e+00
-1.553752574235232053e+00
7.159233666387265771e-03
5.057902542194758766e-01
4.573039669101071070e-01
2.471991552146648452e+00
-6.292037921722304361e-02
-1.122418123459357986e+00
-9.780182975505979925e-01
-8.150424722359481677e-01
3.486391616197984433e+00
4.010078111016543545e+00
-1.011888838827347037e+00
-1.148020600562593696e+00
-3.229284742981680445e+00
1.872417258740278534e+00
3.952809114133208013e+00
-4.311491652817878162e-02
7.941936633100601384e-01
9.140858494007844115e-01
-3.580422013536174397e+00
3.943783083981873716e+00
-4.932100468957425932e+00
-3.075332561091320471e+00
3.438799618660304702e+00
-4.544034030996208173e+00
1.638544314750403075e-01
1.641341249658077039e+00
-9.507717855889090686e-01
2.698705048578130317e+00
-1.587120814931961554e+00
-8.398191614883723233e-01
-1.219380908151942222e+00
-2.826666000940081247e+00
-2.747757088808016057e+00
-3.722657018273662910e+00
-3.832119062908389218e+00
1.827547224778785839e+00
-4.542092448151539230e+00
2.250478903638400752e+00
-1.658992369207172857e-01
1.313528689408137495e+00
1.335933206389449346e+00
-2.604179421418566509e+00
-1.161688374014051561e+00
-2.074858962073085067e+00
-1.935066082260731513e+00
2.158701884307463459e+00
3.200408479415854046e+00
-3.599984582258510812e+00
-3.076438222654627186e+00
-3.361905180847014840e+00
2.888592960689333466e+00
-2.469202866201687385e+00
3.810944848105963345e+00
4.394164760877925957e+00
1.382877970386308775e+00
-3.693734164440412027e+00
1.423042103035111694e+00
6.392391393415923773e-01
-2.717060924055662241e+00
-3.001037444199821103e+00
-1.846426261124862744e+00
-8.479947821666913299e-01
4.433854474703561976e+00
-1.324668266308751896e+00
7.271254429935272157e-01
-4.357540460697625129e+00
3.554372586141516521e+00
4.375751472401082864e+00
-4.080761062612375589e+00
-2.171962575027667763e-01
5.312072090021244808e-01
-3.506889134575383871e+00
-4.002456341353571645e+00
-1.124451681770532119e+00
-2.995637072335961992e+00
-2.072207193295469985e+00
3.789951492465984728e+00
4.815375307570756824e+00
3.187386556025086914e+00
4.942408053231046594e+00
4.585288788931588755e+00
4.921412141570208121e+00
-4.185508597054896640e+00
4.464318411692243416e+00
-2.484738598834116630e+00
6.052876555187571839e-01
1.622333622814515763e+00
8.642036437452018660e-01
3.544219831457089853e+00
9.072334848561434129e-01
4.160489919510368395e+00
3.377234938075737603e+00
7.090867965274130214e-01
-2.314478604075143053e+00
-3.783430438627117809e-01
1.184002414006500636e+00
-3.964990148473792608e+00
-4.702251013055541051e+00
-3.999620918410990100e+00
