1.472374965258013368e+00
3.105089265909067198e+00
1.903830628347279230e+00
-2.166159887261650319e+00
-4.428800351664285095e+00
-4.657500553347006189e+00
4.141261458727329980e-01
2.580423087395569137e+00
-5.065312302982997394e+00
-1.072375396469822828e+00
-1.007363493207534599e+00
6.337996597550696887e-01
4.384690634831386546e+00
5.187598303939725319e+00
4.516775854272387036e+00
-4.827991175188772743e-01
-3.638506751196001421e+00
-1.612653478956713293e+00
3.315846293695400293e-01
-9.665487193773411034e-01
2.548763738965843295e+00
-1.856270085558859861e+00
-1.196955876036726873e-01
2.718339032415715839e-01
-3.113796299295361614e+00
1.469582436249474711e-01
-4.415040609398444893e+00
4.618867166660468371e+00
3.527653583770133494e+00
3.606021145124110205e+00
1.019748228585698691e+00
4.801454258826662880e-01
5.398417841186926580e-01
3.501022349876024897e+00
-4.323015933133497413e+00
2.491279756273979906e+00
2.665608573570104944e+00
2.169833219479433417e+00
2.546109531477309673e+00
1.663995271902654727e+00
-3.590777741111535803e+00
4.039900047470348809e+00
2.619949604455014125e+00
-1.054491106483250729e+00
3.853647057947082288e+00
-7.480139416875672964e-01
3.356750538171604514e+00
3.821673032537448833e+00
-4.682683246495430218e+00
-3.662888186554092762e+00
3.204956454769725127e-01
-3.400952900881758723e+00
2.038371693349642300e+00
3.272249739902544974e+00
1.557070728281507055e+00
1.681069989364067929e+00
-3.993213619127829461e-01
1.759586358971749753e+00
3.065445183145287800e-01
-1.827062101891613111e+00
-4.725330820237727991e+00
4.072135858398674202e+00
1.600132323812744062e+00
4.437016645418090377e+00
-2.882136005506603094e-01
1.706852225615357099e+00
3.032603361502300698e-02
-4.408293992831625374e+00
-2.819196460988669717e+00
2.889845048397665650e+00
1.143485132945782468e+00
-2.244587533897794973e+00
9.474185108235824160e-01
4.163307032174667910e-01
3.307459101675428670e+00
-7.989809949945101408e-01
3.589171376428348381e-01
1.106985134117570269e+00
4.224256677240978419e-01
-2.866917757586805671e+00
1.743890994704644370e+00
-2.140277073481423820e+00
3.369893488285963912e+00
-2.012772046929710790e+00
-1.540783907614513781e+00
-3.208042563077458720e+00
3.650095058405012693e+00
2.054761235466804337e-01
1.762372613019408618e+00
4.947634291127782191e+00
2.138868354637208924e+00
-4.235485428445330491e+00
1.195227221681907537e+00
-4.415453845311501091e+00
-1.122551614903322115e+00
-3.449765343508277571e+00
-4.004113597680057701e+00
-4.901568282191819392e-01
2.598713297689922541e+00
4.935519737571560484e+00
-3.157396802829841587e+00
-6.910391984341304195e-01
-4.834406662740007299e+00
3.254218061653300964e+00
-1.485100045241124711e+00
-3.251834463349330129e+00
-4.700838486241247338e+00
-3.873488070104688319e+00
4.228671095270629010e+00
-4.797272366005906896e+00
-6.250524698521218170e-01
1.616303937244905953e+00
-3.917330157838866178e+00
-3.706232643527667125e+00
-1.982117035706082220e+00
3.755694702209789071e+00
-3.616290644747557348e+00
-3.601754225614043570e+00
-3.951521484827094088e+00
-7.161928541405071513e-01
-2.852636190305784858e+00
-3.116736671248543367e+00
4.819486597212106815e+00
3.810701916719196447e+00
2.348442351153137153e+00
-4.638655056488656392e+00
-2.810197663159481607e+00
5.340911636547565067e-01
6.200289513962795596e-01
-1.668727851625377845e+00
1.316281527753771385e+00
1.826803354305226890e+00
-4.760803303037030254e+00
4.073831898937921636e+00
-2.230406529543534688e+00
-2.534158739044452879e+00
4.779181966223308820e+00
-3.342748308857478534e+00
-4.752466805959065788e+00
-3.492394671457249800e+00
8.765619075042287989e-01
-4.695434984237818909e+00
8.572688180077401299e-01
-2.209358047880090936e+00
3.383814543212002590e+00
9.467876020817538318e-01
4.331193154619626284e+00
3.097534504633882690e+00
7.354559262957849342e-01
-4.424565807462879974e+00
-4.777391005671570490e+00
-1.523464330171178105e+00
2.681267858459360554e+00
-5.707091455999835361e-01
-3.766474349226145435e-01
-1.979490505460358207e+00
-8.136064400976339428e-01
-1.805312840184543077e+00
-2.042338218414796458e+00
-3.244791672017920625e+00
3.482128846288295776e+00
-4.120227283923295403e+00
4.990840034550735993e+00
3.134363543761503834e+00
-1.795179147527994346e-01
4.200473764691608380e+00
3.890072801441775141e-01
3.155833702557520937e+00
-2.645776396935328734e-01
-9.322986995026241175e-01
-3.711830946417422616e+00
3.855845216569967704e+00
-4.851631964194820235e+00
-8.977675043120383336e-01
-1.378351687829304506e+00
1.664887265391778115e+00
2.553452100426193638e+00
-4.222762502424346920e+00
3.899263438066924436e-01
-3.384124790811169348e-01
-9.837595042358779907e-01
-2.406681117801161562e+00
-1.255095817546672876e+00
-4.885086958934703460e-01
-7.242474611434426279e-01
5.220750595919909642e-01
-4.593014528324071755e+00
-8.144160288331985242e-01
1.110753714019937277e+00
2.880561208966637921e+00
-4.396585298422125199e+00
2.626481733611204739e+00
-3.762308388513871726e+00
-2.063030977445681202e+00
-1.783967032372812955e+00
1.782371005340863235e+00
3.889752351025501653e+00
-4.656992587521402882e+00
3.965748189483322861e+00
7.193462255290770102e-01
1.919167493784222245e+00
-3.111486750110761257e+00
-1.770003996487673703e+00
-7.088052733269289973e-02
-2.279667205252676965e+00
-3.125303835852918155e+00
-4.735776792642483635e+00
2.442803504303757922e+00
1.796487095141126034e+00
1.023789829215480118e+00
-2.185691212844595999e+00
6.803604186618112948e-01
-3.010323307331380427e+00
2.104487958007811521e+00
-1.040744961765787124e+00
-5.460674986277433973e-01
-1.539634820813463811e+00
4.239967823247381418e+00
-1.149059617814562895e+00
-1.821932151212664941e+00
-1.097473998675378759e+00
-5.941541239671668251e-01
-1.041690120599099156e+00
3.108984234721965390e+00
5.016121944176752390e-01
-4.310905606151878899e+00
4.499071609334617805e-01
9.211773100920614965e-01
-2.959166773009482831e+00
5.368896584762152813e-01
-3.265914922265238385e+00
-4.391128193975895044e+00
3.300269636521800720e+00
2.611648872572143176e+00
1.714095212948461899e+00
-7.546896646736724890e-01
-3.687409475299476824e+00
-1.599597196319936909e+00
4.975685355353526518e+00
3.534677896999077973e+00
2.964499695668130208e+00
4.339129890982682980e+00
-1.275285777185213298e+00
-2.183041106170060530e+00
3.826150470199014109e+00
8.805894479510820716e-01
-3.095134663099879724e+00
-1.677377866040342447e+00
8.698132836302532311e-01
-9.860958729589164307e-01
-2.979482824015616593e+00
-8.941561730967553245e-01
-3.364837280333041747e+00
1.379659462589870600e-01
4.261034430093735281e+00
1.797927105980733131e+00
3.189213075765234606e+00
4.815984543862283473e+00
4.479495566131877382e+00
-2.651815546097535670e+00
-4.826365834623618234e+00
-4.469948666184066610e+00
-4.366381216150550415e+00
6.421413097824473226e-01
-5.317142895233626376e-01
