5.058755055738169970e-01
4.182339087206755401e+00
-3.548858035754002493e+00
-2.623276440179338920e+00
2.038685181289316084e+00
4.023474538996524075e+00
-2.334925242908313159e+00
1.522762629623205299e+00
2.942988755420362423e+00
1.089669629477530322e+00
-4.030940178162597753e+00
-2.746983110374338732e+00
-4.869207289913854098e+00
-9.265910288091907532e-01
-2.774390869402236781e+00
3.882262311299854218e+00
-1.672527315259235703e+00
4.987670531316577893e+00
3.897912980795972260e-01
-4.195144849257171238e+00
-3.782734048138567839e+00
-3.981680246513599641e+00
-2.592731288333576245e+00
-2.953911520398063928e+00
1.294596789070859288e-01
7.800623508634323411e-01
4.802258300222916887e+00
2.095617830422845884e+00
-1.526418978428329964e+00
-1.192184663694242364e+00
2.678953794642664477e+00
-1.124776327222575922e+00
-4.983429023734156971e+00
3.788988949938296713e-01
-4.205946973877075834e+00
4.408535409816772166e+00
-5.811771940761172317e-01
-3.384162014335302948e-01
-1.979240170349063632e+00
4.241532659464411381e+00
3.017081831354753163e+00
-2.903948418607492421e+00
-3.030283377035245529e+00
3.285260410125530939e+00
-3.554260755260008064e+00
-1.253691614486221795e+00
3.220348842629822350e+00
2.013709613959044020e+00
-3.059794555993753828e+00
3.478567476661030611e+00
-6.235745117162032614e-01
3.026726595383593121e-01
3.530599602373175383e+00
2.111041656858627658e+00
-1.103994576349416334e+00
1.939972202973140547e+00
-3.291009466383983728e+00
4.426716197769107186e-01
2.202034917701086059e+00
-2.426073310535544536e+00
3.711937932791400385e+00
-5.098985782139952683e+00
-3.178526921863462196e+00
4.686260267809341684e+00
-1.663201476967244297e+00
-1.871816255218976544e+00
-4.918290617192690561e+00
-3.659514065106712621e+00
3.474757009570930588e+00
-4.478039737615230997e+00
-3.239174817781918847e+00
-2.761313154514244417e+00
2.150989521227906209e+00
3.726738162312475566e+00
2.666650505273680860e+00
3.238070812978694590e+00
-3.481044949397052335e+00
3.821094801176345701e+00
6.776510720158324119e-01
9.903722565441963610e-01
3.080798681574393072e+00
3.921024767561045454e-01
-1.138827721559876771e+00
3.673622255230759137e+00
2.200348471756723434e+00
2.928361504082684696e+00
-1.587934032585094357e+00
1.463009538399912657e+00
-1.097658559961484787e-01
2.446344350102672038e+00
-3.175589157358265968e+00
-3.191591400936482970e+00
3.486855142699654575e+00
2.868588349278797356e+00
-3.905559851253914694e+00
4.873926378206578036e+00
4.402166194590967585e+00
-3.386856043957892748e+00
-4.485157176465996542e+00
-2.998961974281111775e+00
1.802236269922437017e+00
-9.762855780199952704e-02
-1.493094281989843175e+00
-3.160824265390767440e+00
-4.281264329660711354e+00
-1.586969828741577659e+00
-6.257608817658546485e-01
1.909143881978487833e+00
-2.578259719492406177e-01
4.577626838266377618e-01
4.872461858291646131e+00
3.752046396109321336e+00
2.739704373259128189e+00
1.474238801878007710e+00
-1.996611074303028532e-02
-1.635964714080486715e+00
-2.670600967316256735e+00
1.896093039786908463e+00
-3.418784465101782466e+00
1.916756038988643107e+00
-2.045359564307613454e+00
-3.626480509206631009e+00
-3.798776438529967159e+00
-4.101366785211561172e+00
-4.934027841137732295e+00
-4.606287126784213148e-01
1.016157995374701528e+00
-1.239815340866154081e+00
1.924813369945619357e+00
2.936162362686939531e+00
-4.903748040592823543e-01
-2.807529350691819303e+00
-9.469515986898342508e-01
2.745264639565150766e+00
3.517273724300316040e+00
3.584489979714379437e+00
-3.763949681172959139e+00
1.870225621498398105e+00
-4.778984586121740818e+00
-2.916570884017483767e+00
-3.524839218046612821e+00
3.260808818709993062e+00
-4.892581025221173441e+00
-3.658562591609802794e+00
1.469368494106311651e+00
2.044928565575366008e-01
1.469874001990896906e+00
-4.670557715208231819e+00
-4.967831517058758806e+00
3.687093530721304302e-01
-5.425356573420282436e-01
4.524108525344161968e+00
-3.510707142892793620e+00
-2.239662858927701894e+00
3.629904245533384088e+00
1.813742800272856392e+00
4.464316647531546778e+00
3.367406915050017879e+00
-4.118114572205387347e+00
1.420625636175838480e+00
1.942507881123378688e+00
2.380693012580270107e+00
-3.219268689342721146e+00
-1.094490346410930681e-01
-4.398628006190839379e+00
-1.512811701746550330e+00
4.900773913654155933e+00
-1.493184110066680503e+00
-4.428870584080570438e+00
2.353368690378168981e+00
2.252286357451854126e+00
-2.643630167075088355e+00
-3.342419963991502208e+00
-2.355604385102613718e-01
-3.981070248081123530e+00
-4.176538988671799624e-01
-2.132803972461110309e+00
2.107703552160520744e+00
4.652618474229644363e+00
3.534969109334705983e+00
4.613535225827464892e+00
4.609501360991194119e+00
2.168437662709419289e+00
-2.435722425658219059e+00
-2.302779475878206306e+00
4.309044820693871181e+00
-3.576706783703377468e+00
-2.878262061871218247e+00
-8.145835768549503086e-01
-2.935421221561904659e+00
-2.319539761437403591e+00
-4.460167869681831654e+00
1.449990895147077907e+00
-1.640275074283325418e+00
-3.825938384064084818e+00
-4.875745462201062530e+00
-1.388827775643469042e+00
-3.801180430866871518e+00
-1.121437707017533203e+00
2.303864358177420080e+00
2.348940350214832051e+00
2.515721636779808534e+00
1.867678985439890083e+00
4.137974344180150865e+00
4.149712069473729059e+00
-4.152575004008146387e+00
-2.289929778378169689e-01
-3.747256134794339388e+00
-1.070423369024799953e+00
-2.049393225466777047e+00
-7.239541795579809147e-01
-2.225516006366895283e+00
4.444885504961574085e+00
2.841865450058969067e+00
3.134561750002222258e+00
-2.206159665102472633e+00
1.148673675496588942e+00
-1.783550508973173798e+00
-3.743230792669772544e+00
-3.924208980350864240e-02
-3.394675504107017794e+00
1.327820730078359546e+00
-1.879106909745904996e+00
4.064422681309486585e+00
-1.427703364245505036e+00
3.483361723073134186e+00
-8.835147244300816105e-01
-4.984336968445912674e+00
-1.927554611422691799e+00
-4.449852286921322175e+00
-4.179501763693421523e+00
-2.708058666806250514e+00
4.474350187639599241e+00
1.342630140662793181e+00
-1.072930151592714765e-01
2.646846270235267085e+00
-3.706533288477285026e+00
2.240929742302489203e+00
-1.460605424899494853e+00
3.947462232893305112e-01
-1.428192052806128487e+00
2.203863159307279496e+00
-2.041833454315112206e+00
5.837923015509014490e-01
3.039198723829668491e+00
-1.365607481922358923e+00
-3.160242520361633556e+00
2.110109360368474185e+00
4.512745677524714338e+00
-3.732826617926217061e+00
-4.077057233982080753e+00
-3.252833077757954605e+00
1.366529884209805035e-01
1.688867552290284069e+00
-1.071149766185810481e+00
2.598106243355739142e+00
-2.726489504493541549e+00
5.599486913156116463e-01
2.094435484280436022e+00
-2.635238262755776883e+00
-4.285393170011813635e-01
-2.515066509083121016e+00
-6.477140691313478804e-01
2.101014306065049020e+00
2.663004205576937622e-01
