3.760282185781877118e+00
3.308048215389762348e+00
3.913908831381084141e+00
4.764493999990977002e+00
8.918329600222355547e-01
2.382158646727811302e+00
4.189609252085141122e+00
-3.249318688937830046e-01
2.524374283497372140e+00
-8.587343961717426311e-01
1.863051453285605952e+00
-2.496470663384170230e+00
4.128080438140321107e+00
9.913150026292492090e-01
2.637024080385038882e+00
-1.218413695261241436e+00
5.891815463437577449e-01
-4.831485025631034880e+00
-3.015109210531460970e+00
-3.303618829811516555e+00
-3.088239293293231214e-01
-1.120880751542458142e+00
-4.874332393501726868e-01
-1.596554222422976732e+00
-4.218662163037637747e+00
3.043714571962151894e+00
1.775144469474481568e+00
4.870528440349750632e+00
3.312392323664083094e+00
1.651334758187284146e+00
2.527704149010232104e+00
1.919120173748051883e+00
4.302209111001062070e+00
-2.621513928998748799e+00
-2.864222926057149454e+00
-9.185000319315541617e-01
-1.541428141182481504e+00
-1.892853828645020942e+00
4.360264941612790324e-01
-3.749305110489409287e-02
-1.796829160051593988e-02
5.904309120477426731e-01
2.437391430747005927e+00
4.501076999748368834e+00
3.180584110615658489e+00
-3.872254398919988461e+00
-4.391424130964423966e+00
2.303597277643371299e+00
1.641669287831327928e+00
3.593414667808838558e+00
1.305331765677939515e+00
4.230653008964470274e+00
5.821185884235333674e-01
4.010095591375526070e+00
4.131653592718445012e-01
-3.108156985821779461e+00
3.113946964308976106e+00
1.559089119486229080e+00
2.590460224805847034e+00
4.376024137827368321e+00
-7.433974096247375485e-01
3.071610882378678298e+00
-2.948106821211720519e+00
8.162300358336151973e-01
3.816930336646125355e+00
2.055128451361754927e+00
-4.452469116789961490e+00
3.958057037069572459e+00
-7.313874362214223268e-01
4.556255673252200822e+00
-3.623345686988566960e+00
2.915393623527914535e+00
4.817336980481412567e+00
-1.812340357998830420e+00
3.164650746245424529e+00
1.979846267396867532e+00
3.616642371301939551e+00
2.542053926919246365e+00
1.686833321271805630e+00
4.530630399146023279e+00
1.283102333682352381e+00
-2.075459206442433757e+00
2.230885856980799886e+00
-4.348372108550780268e+00
1.238342338159039713e+00
3.386755045937563935e+00
-4.327413866010552113e-01
-6.282621619935211399e-01
9.675996836880352836e-01
1.225545905285842174e+00
-1.910169064583702170e+00
4.947234946522119259e+00
-3.439530716027976442e+00
-1.246091078045328260e-01
-4.334902494654395255e+00
-2.048805610814841138e+00
3.763619068545488999e-01
-5.910005905344917210e-01
-2.916808667948318501e+00
-3.336617155855988948e+00
-3.975655124839239107e+00
4.947567226551388586e+00
-4.263487209111972653e+00
-2.755958276361215376e+00
3.049192607514974895e+00
1.843745383299920215e+00
-2.392290230047890986e+00
3.526667172345157031e+00
8.305065045256467826e-01
4.932930341260489016e+00
1.345073320764781144e+00
-1.038012462339317210e-01
-2.167050197975038728e+00
-2.478635820921856414e+00
3.373838606595359835e+00
2.064295387303760609e+00
-3.240062362674102303e+00
3.742171544574821596e-01
3.611909221017700844e+00
4.291603010154529940e-01
-1.665942584313038211e-01
-8.286208184352226169e-01
2.623896526857532052e+00
3.434556387667425881e+00
5.979246725313771549e-01
-3.656587341782278067e+00
4.228228217959510538e+00
4.159105261487848537e+00
-3.584970585650388841e-01
-4.103879603242532426e+00
1.868261776690856912e+00
3.558741035867328151e+00
3.330183036899567295e+00
-1.056413247569089053e-01
-3.734623239575710407e+00
-3.751803332823814063e+00
9.002039498427603093e-01
9.375915410930613092e-02
-2.613420226645766231e+00
3.481246926917492601e+00
-1.655976056927954687e-01
1.840591047580029560e+00
2.621796772425367905e+00
1.728168059878893104e+00
4.462135859627558432e-01
-1.085729386931286955e+00
2.841727370337416403e+00
-3.787393714901714503e-01
3.464477000195270051e+00
7.972870575108359503e-02
1.587148659247666238e+00
1.669105817896525679e-01
-2.476144167198679469e-01
-4.275364924595036697e+00
2.970143022258763033e+00
-4.481553689801511808e-01
-4.120123139918252519e+00
-2.168370612338008652e+00
-4.407507480420067125e+00
-3.286523894784878497e+00
2.076292743930864049e+00
-7.322274765160443621e-01
-4.187853513715365850e+00
-1.666343081055118525e+00
8.218195655397568800e-01
-1.592255578623266388e+00
-4.294803569247015673e+00
-9.958392871052232920e-01
-4.893829452635257482e+00
2.536226769378591150e+00
-6.444656123629002309e-01
3.562176813242970752e+00
-4.444142634513084111e+00
-3.654544726377868535e+00
-3.006754416137733532e+00
-1.028011687118581818e-01
-1.343465964108646382e+00
-1.412393806584276490e+00
-2.135136039847851386e+00
1.346040509153524134e+00
-4.296193749628574921e+00
2.265495435068695329e+00
2.970524626715179473e+00
2.747235172800877478e+00
-4.332388768396979728e-01
3.124611955045628164e+00
2.325994391419166085e+00
-2.544596361159081610e+00
4.262634842833913140e+00
2.228660728507278144e+00
2.923385507274891992e+00
4.241899534296363683e+00
-1.741001153787896882e+00
-1.649854634325407243e+00
2.657009138138363369e+00
-4.168656969177808591e-01
-2.519009511207416452e+00
2.971173371483274650e+00
9.696281046696322292e-01
-3.523026180685459252e+00
2.953489143163208652e+00
-3.489083498537042249e+00
-2.732594277311084507e+00
-2.005423442940699186e+00
-2.825255754680956244e+00
-1.268017598263101675e+00
1.580400425326825342e+00
2.188402264597648639e-01
-1.954452687957969559e+00
4.185759991761894838e-01
-3.804413147802617523e+00
4.188102889233196180e-01
-3.810011010799017939e+00
3.558708006036455984e+00
6.831592396479511109e-01
4.932543119490329531e+00
6.396619587838836551e-01
1.434253787431853944e+00
-1.639367049478956950e+00
3.231232531687462384e+00
-2.859808553260209329e+00
1.997114236289680989e+00
3.231131140948505731e+00
2.728380616136681702e+00
4.973762167695369385e+00
-3.379966647142377489e+00
-4.996710522853447856e+00
3.391071072613193849e+00
-1.095444784756089973e+00
2.067502777123033653e+00
3.713815445300872042e+00
6.983567242669153075e-01
-2.226121843949284695e+00
-3.444058644584285567e+00
-4.938004699849134482e-01
1.922728869211538516e+00
4.215260367470021308e+00
-1.035621835308833116e+00
2.648484140769296502e+00
2.869026603115506724e+00
-1.491837862077290744e+00
-4.571976983476142564e-01
-7.004440771974067559e-01
-2.953438072025821093e+00
3.143965821256379911e+00
9.568975929911065492e-01
3.762502442399000557e-01
2.770517895221811244e+00
-4.120565076629598700e+00
3.563297737128744203e+00
2.572587831588844409e+00
1.109626980280262742e+00
1.554410021569891498e+00
3.148373944814744974e+00
-1.704171675608094905e+00
-3.002210843211771341e+00
2.312761610676710156e+00
-1.424707930891714547e+00
-4.907706310675619577e+00
4.773909183554428282e+00
-2.535268651186489919e+00
4.491572260528734262e+00
-2.054276065826421416e-01
-9.895735001095804506e-01
4.809290703761902819e+00
