1.556878043477074369e+00
1.433465049945759517e+00
3.756064952780501898e+00
-2.980124979017659825e+00
-2.258038865991001565e+00
-6.702258641300288255e-01
5.552451930297355176e-01
-1.867633090465161905e+00
1.316707728004083977e+00
2.182226910118134633e+00
-3.698549302047020593e+00
-3.931268964048805437e+00
1.143329231374366373e+00
1.717604103601248156e+00
3.931463834442300964e+00
-3.682134333230895340e+00
-4.270763443794860059e+00
3.861029193559685879e+00
3.415505822953132764e+00
-1.307453780277709754e-01
-2.830578472268661105e+00
-3.448517688820746940e-01
-3.816708693995605195e+00
2.676057097913252747e+00
-1.838826605112208190e+00
-4.890775937097505022e+00
-9.117516514090038271e-01
-2.696287353858117797e-01
7.204801973227361600e-01
-4.638398409763406782e+00
3.950963247781702492e-01
2.486195920132274750e-01
3.557037949122396014e+00
1.308854148409790419e+00
-2.869151061501732158e+00
-3.156503469767277803e+00
4.618549861824231328e+00
-1.488828802778211724e+00
4.438621319605868365e+00
2.483073785562454283e+00
-4.737740418848797042e+00
2.611073747918704058e+00
-6.947078359404237347e-01
-4.820876699068853632e+00
2.936065339377099903e+00
-3.845639449139354404e+00
-1.844679408255304409e+00
-3.734202675626878687e-01
-2.283795860877103401e+00
2.487363320013726842e+00
-2.015843215197516969e-01
3.657250732851125008e+00
-4.735023969836802848e+00
-4.264061462560162497e+00
-2.410806582326725511e+00
4.102295529811350150e+00
1.398111309863486085e+00
-3.010086988088429560e+00
-4.784444010984767459e-02
4.510128961803609116e+00
2.373739554201811153e+00
4.257177103212896441e+00
1.910681737895298049e+00
-3.275611650184760748e+00
9.171194110497058460e-01
-7.345353198207167367e-01
-4.996154907561844105e+00
-4.016963912555002736e+00
-4.942923875010032830e+00
3.629583593187490465e+00
1.188625649803569218e+00
-1.272375967415837472e+00
-1.404491043301971942e-01
-1.408365080325327590e+00
1.982249425827378175e-01
-2.110996348328625594e+00
-1.825878291331046732e+00
1.023144465193248642e+00
-3.855736996073043876e+00
6.449432899470606273e-01
-3.605148610543436938e+00
2.714513145338944611e+00
-1.030289072664888117e+00
1.372995875533291610e-01
-7.722097229537716601e-01
-2.182820462016472618e+00
-2.556101750133009887e+00
-4.446981070572080696e+00
4.305938009076312412e+00
9.763820267455338708e-01
-2.042589613177291596e+00
3.546340534297900859e+00
2.714418044122716367e+00
2.434673232386663777e+00
2.046679830928921362e+00
-1.923855647154024684e+00
-4.181778192820030604e+00
-4.392205857602496266e+00
-3.898840808428722937e-01
7.252850791154630272e-01
6.760474741208897242e-01
-2.488017456972462238e+00
-4.368916478519473401e+00
2.414042456541181991e+00
2.732029242202131947e+00
-3.733613239685421803e+00
2.853198550615263507e+00
2.223498195430808622e-01
2.013967239091059014e+00
3.933382469606357290e+00
3.838549882375328792e+00
-4.928284409922028431e+00
-3.397004030292933852e+00
-3.339430175616433516e-01
-2.545796789993945097e+00
-8.028415142878664312e-03
-2.420837311531385816e-01
-3.448854453106404261e+00
-3.161361649718748001e+00
-1.836510383532286017e+00
3.702713231826813001e+00
1.170229469446777415e-01
-3.171439696213926851e+00
2.967007505663787903e+00
6.979587123103198065e-01
-2.473168399918503901e+00
2.236095968539480783e+00
4.799307722600694603e+00
3.248987273457826674e+00
-8.858097942698872629e-02
8.749066488440551126e-01
-2.783900591866203200e+00
4.136573376051348561e+00
4.903612002983214424e+00
1.947570268300236940e+00
1.206255988041251115e+00
9.255793177919304782e-01
-2.434646693139301821e+00
-1.139352547391185855e+00
-4.275408385543915557e+00
-3.913257380951806752e+00
-2.553555034570887727e+00
3.968589214176995839e+00
-3.089788980861137624e+00
-2.831780735257059867e+00
-4.359215914831004568e+00
-8.180794340860373381e-01
4.305287331931092254e+00
-1.191627989711893321e+00
2.713589001817183544e+00
4.392725732503738101e+00
-7.148214743915159985e-01
4.898843482553857598e+00
4.186662038480312376e+00
-2.033982081837072187e+00
2.258131753609733394e+00
2.771693757777661027e+00
-4.632597318965741451e+00
2.602032471292553772e+00
-3.228711777592341292e-01
2.571264947485822461e+00
1.398387881921064668e+00
3.931769029514173397e+00
-1.202510879087049567e+00
3.769361617576741708e+00
-4.136712851664058554e+00
4.737392786304026160e+00
-4.782692615173802508e-01
-1.335806158268449728e+00
-1.096567219245724090e+00
-6.967031371869936152e-02
1.908742631401225687e+00
-2.822883265331657121e+00
-4.157634332316872516e+00
-2.651887546975117971e-02
4.092239050880625229e+00
2.183478281527650999e+00
3.324124140581760756e+00
-1.165921786741553667e+00
-2.653357394642514855e+00
-2.190497581715128206e+00
2.787494858958340593e+00
-9.492956350284114109e-01
4.587735668907175324e+00
-1.412176670485490781e+00
4.954257212612640515e+00
-2.542454425887240355e+00
1.029649141102337850e+00
-4.021428399312439339e+00
7.960912205466712521e-01
-4.720257881046922677e+00
-1.626992040103232284e-01
3.385349912284056018e+00
-1.937929598170931023e+00
-8.489564368861195476e-01
4.202162364088113833e+00
3.970522825014436208e+00
3.530336874671867520e+00
1.651964473866918581e+00
-4.701574173729140327e+00
3.780070652064779324e+00
8.833206566690323669e-01
2.307567753995432014e-01
-4.339080781752036486e+00
1.601259861287399389e+00
4.540894376554055256e+00
-3.236216614226324673e+00
-1.086716427967335807e+00
-4.140609745106341499e+00
4.637231486942972936e+00
-2.058808964330769431e+00
-1.964065773109323843e+00
7.327010534454707624e-01
4.904192979819585574e+00
2.926089801509213828e+00
-3.359931146730143148e+00
2.015481870057569402e+00
-2.261559841743494559e+00
-8.638358787119573279e-01
3.944860113200602925e+00
-2.329751522722842694e+00
2.371731531060293996e+00
-1.803911954096507841e+00
-3.335400249401345718e-01
-1.836427490089960202e-01
2.124289643114166459e+00
-2.476496267216180769e+00
-4.264990473167486584e+00
-3.678085937898134539e+00
3.082855158194892198e+00
-4.474545835218144418e+00
1.096101809341197608e+00
-9.827834573004343710e-01
-9.703352395300592903e-01
-2.150188208668279977e+00
5.752094979522270890e-01
3.377464639580194827e+00
2.751565675419120893e-01
9.246877471543673011e-01
-2.496888694210377402e+00
-4.684081834255877652e-01
2.415678658685913582e+00
1.491092150525039628e-01
-2.410986513007221888e+00
-3.464585394883989977e-02
4.275117040741964303e+00
3.108703506124424365e+00
3.952129614616334052e+00
2.147711479274329704e+00
4.890195899828224668e-01
4.758816832681018738e+00
-6.236909026061070449e-01
-5.809745952281319958e-01
-3.748025595717496827e-02
2.772604897294131732e+00
-3.151996581248017737e+00
1.832560315508616533e+00
-2.536604404133089297e+00
-2.781655011350090412e+00
2.024600094192260613e+00
-4.189667200739758179e+00
4.229065930333131718e+00
4.456474264955135212e+00
-2.766002782176357755e-02
-2.983706873121061420e+00
