9.364277981204551793e-01
3.165739178787550401e+00
-4.743625378403494075e+00
-4.427190549566616617e+00
-1.585021744203896077e+00
-4.561030009956132503e+00
-2.936383125464716581e+00
1.238953226613192626e+00
-4.615288492734973325e+00
4.620753776298746729e+00
-7.744529885647208900e-01
-5.886393342558301489e-01
-3.358586290603998492e+00
6.611323025341725446e-02
1.246299991538313723e+00
-2.701386489876666186e+00
-3.290340135712336078e+00
-2.708508276570045226e+00
-1.765165568772106841e+00
1.493949844633554846e+00
4.454048109987851944e+00
3.550535807087385365e+00
-1.968320996284967705e+00
3.621699450555047939e+00
-1.832848277245524571e+00
3.665968482698637843e+00
-3.169869900227286763e-01
-3.486360947029156776e+00
4.393342185762422858e+00
-4.358835380359583844e+00
-2.477845790192053421e+00
1.717849360364133382e+00
-2.883635391276895277e-01
3.987880005824326446e+00
-2.902198365485565645e+00
2.033757435478646070e+00
-1.001422803970175579e+00
2.330899282335132661e+00
-2.079379561789162167e+00
3.488639174518964214e+00
-2.132301427214054357e+00
4.882332712952015541e+00
-2.081781591496921990e+00
4.634179725157624219e+00
-3.558776777464658370e+00
-2.926956755705875324e+00
-4.514653167472691742e+00
1.429090620847498272e+00
-2.601150923265649340e-01
-2.954234921430078931e+00
2.973819712397856030e+00
-5.896260348537654683e-02
8.713293821326404398e-01
1.857556337665232427e+00
-1.691396688169906071e+00
-3.354672076401689296e+00
-1.547570662272763187e+00
-1.481900282900072696e+00
-3.038975509622536375e+00
3.448235916428875836e+00
4.958140146700415585e+00
-3.995248189974642816e+00
1.232103883896201957e+00
-2.139457650376759279e+00
-3.490659432228058190e+00
-2.469234142895934347e+00
1.352489900960499369e+00
2.324129528323624960e+00
3.632444423518418120e+00
3.096084013380124844e+00
-1.720414784359345362e-01
-1.194650506353516217e+00
4.426210094936287476e+00
-4.572064498233695318e+00
2.443639616588496821e+00
2.534459661085885607e+00
-5.854820148305410754e-01
2.573400406999569512e+00
4.448158393366096419e+00
-4.205130146844487271e+00
-2.931434444635128145e-01
3.386420051794180708e+00
-3.285010253003859404e+00
-4.166189352255785572e+00
-1.227628657025452430e+00
3.803535633841691244e+00
7.362037309605201640e-01
-1.119580357280496319e+00
-3.721847394251824870e+00
-1.493277082432316938e+00
2.034733373958812486e+00
4.017224123117808077e+00
-7.535393258016238605e-01
1.866180682202675190e+00
-4.517363844609675105e+00
-2.860422995870359753e+00
-3.306730263422550387e+00
1.298381241051533408e+00
2.867571496411640553e+00
3.433379968935863502e+00
-3.128759746072091730e+00
1.535450000204886756e+00
-1.579582739927864132e+00
4.057654671346774933e+00
-7.913598877702687773e-01
-7.581479502982584329e-01
5.214210234488129148e-01
-3.502678315967800771e+00
-1.618086060829213579e-01
4.754544093641627001e+00
-1.732779956091249574e+00
7.990460778429255839e-01
9.908838426389969811e-01
2.546869220788550159e+00
2.694710365056714796e+00
-2.352200803260512174e+00
-1.267829770035464598e+00
-6.224960594610777775e-01
1.384384661094722802e+00
1.788826879730343045e+00
1.704842158820646603e+00
-3.572881541893686563e+00
1.051640220528629932e+00
3.824579004574477636e+00
2.944470155834369329e+00
-1.136267745128216600e+00
-4.096354056314827297e+00
-3.189928172737922729e+00
-2.421754673427896631e-01
3.998047390164295223e+00
2.335991404465629806e+00
6.732426244329943188e-01
-4.847017224602684138e+00
7.806529629724501262e-02
-4.959846564424989168e+00
1.274140615817720423e+00
-4.830218615667023485e-01
-1.964526788099876242e+00
-4.045850460241923408e+00
3.380827139717400343e+00
3.183006456663250106e+00
-4.104259679293731367e-01
-1.516823801310470010e+00
8.666973232864858545e-01
2.085320906168385058e+00
-4.000608617793728783e+00
-1.594073785788885367e+00
-3.678708853341094986e+00
1.139939015157345636e+00
-3.151971280420797772e+00
-3.969646386432960306e+00
-1.850130192461994838e+00
-1.729004455184139921e+00
-4.523655323119726290e+00
4.930440781571164166e+00
-5.470249690151973709e-02
5.777174334612471540e-01
-3.371341702313432886e+00
-1.192955720887511006e+00
2.828785393370569778e+00
-1.992366639707107367e+00
4.233759776234538919e+00
1.000311854956059676e+00
5.355392535278618027e-01
3.308476142265892594e+00
-3.077750384267944561e+00
3.299797113946114635e-01
-2.455301723043943340e-01
5.099235912980393692e+00
-3.424466336899353536e+00
2.324806811853878052e+00
-2.320845220556047916e+00
7.328876763535501215e-01
-7.019621052991803500e-01
2.745674248971152753e+00
-2.705896479040220903e+00
3.526020478325675001e+00
6.506424957046785806e-01
2.981499834281542860e+00
-4.619244911853708224e+00
-3.661152725960642673e+00
4.220270505388123539e+00
-2.639929818394949557e+00
1.778310429137479609e+00
-3.198257712310165424e+00
8.004397379131353851e-01
9.699937772219673349e-01
4.839484985770283743e-01
3.501929269844668013e+00
-4.869382160903673373e+00
-4.528564104329666495e-01
4.384169746539393842e+00
-3.853331339182352266e+00
-2.052780355263169376e+00
-1.253233405769700104e+00
-1.098899930297952743e+00
7.066465306406799485e-01
-2.306136491579116932e+00
-2.027286134548342833e+00
-3.950846098860091860e-02
-3.938124790545201037e+00
4.540078008559305545e+00
-6.361553799197867676e-01
-2.627413171994627206e+00
-8.539748025859577041e-01
-3.482913556128736099e-01
-3.118597495465866842e+00
-1.409109990039895344e+00
3.381596911413302653e+00
-1.784316502629861301e+00
6.715722896145039922e-01
-4.302201137064983527e+00
-3.829704895797795494e+00
3.084143982259293537e+00
4.076786715949377360e+00
-2.042089121985843914e+00
-4.691417262106073238e+00
4.551855260546844306e+00
-2.526143847146991472e+00
4.603494775601383537e+00
-4.914168802989225426e+00
-2.707193809807864948e+00
1.626374489453611183e+00
-3.496868109557963678e+00
4.464610239505450551e+00
3.294813139494678467e+00
3.775253465796510000e+00
-4.308412473696242806e+00
-1.919445269046342606e+00
-7.046879349819288318e-01
-4.548314720593833904e+00
3.154870765520012110e+00
2.174784105478400065e-01
4.223052812590138316e+00
3.263492960121803677e+00
1.324011911695064825e+00
8.731204789508119068e-01
4.735834534217408631e+00
1.708930294846703113e+00
-3.804137159143659019e-01
-3.035655654523410352e+00
1.903935076638439527e+00
2.601861396406466298e+00
-1.031100812385854493e+00
6.826720278314208912e-01
1.441601955700925419e+00
4.134972309461110385e+00
6.217384928697304858e-01
4.673275665304513993e+00
-1.053253370816259915e+00
-2.472217686563061179e+00
-1.516572261285675793e-01
-3.316278638342779472e-01
-1.495919551655095159e+00
-4.334321074441457533e+00
6.124717556110141903e-01
1.296023064423485138e+00
3.734004836808610506e+00
3.111486708700876846e+00
4.217536146199972080e+00
-4.288960776230984706e+00
4.612255463293173818e+00
2.736821117531007985e+00
-3.459359357674234303e-01
-3.465237693197458224e+00
