-1.457624003223165765e+00
-1.160008635828138068e-01
2.182381983754226873e+00
-2.418313925587979085e+00
2.962728296111127868e+00
4.851657440178044567e+00
-2.069137395084184039e+00
4.539936630887623892e+00
1.404054750868445112e+00
-1.966584906098192143e+00
-7.534052233048189606e-01
-2.072070374307094731e+00
2.550657244962448722e+00
-4.257355301621199573e-01
-1.828778201765433042e+00
1.054040639276773383e+00
3.541490968323637745e+00
1.094046413348311653e+00
5.097863850232524641e-01
-1.380811558083967494e+00
-2.683398100243787887e+00
-2.864596049427491131e+00
-3.290368616319372386e+00
-4.980221380754631610e+00
3.281955700033655887e+00
3.166498336652361800e+00
-1.740020417598071578e+00
-4.983874109463303448e+00
-2.934055070874825866e+00
-3.262558198703786605e+00
1.395881655502870800e-01
-2.707774986100858428e+00
-4.248362709371736656e+00
4.446106933500287184e+00
-4.477090265356795662e+00
-9.588737280000732000e-01
8.432010063408243994e-01
2.638688371398282051e+00
3.700493558776885905e+00
-4.358258126782982522e+00
-8.640161874932870134e-01
3.114328542551657364e+00
-4.202055100732621007e+00
3.275767158659329326e+00
-4.827037159164778046e+00
3.772360781445151190e+00
-1.589504039579927586e+00
2.076032469767461919e+00
4.280618567665619878e+00
6.612471278318121648e-01
4.993215142862316824e+00
1.950820508733825953e+00
-3.593094089705153316e+00
2.312045989017477154e-01
-1.268177868906802175e+00
1.797441223136292621e+00
6.381944599584441491e-01
1.035495568266445510e+00
-7.785541810925025175e-01
1.796645515682946836e+00
2.117924765515855512e+00
-1.914584229162877627e+00
-3.823185424830438883e+00
-1.877975518291654655e+00
3.179848685448790846e+00
-4.801931342632408395e+00
-9.858318301190589494e-01
8.558014700168410371e-01
7.738509170043004204e-01
-4.263094929647640363e+00
-4.382532636435108486e+00
-4.562557995867666527e+00
1.091383715953798905e+00
4.260164579206735525e+00
1.885284062927235382e+00
-1.077745873429050150e-01
-4.401100917151846481e+00
3.233081759136748445e+00
-1.521197814636053636e+00
-3.534081653790765998e-01
3.311690134298235222e+00
2.295963460976713222e-01
1.765702359887479034e+00
-4.825556592690373847e+00
-3.009302972315489377e+00
-1.710741593782234560e-01
2.933514223937063292e+00
-4.744590294207111647e+00
2.164144855051928218e-01
1.099522255414405514e+00
-1.600739362162544310e+00
-3.580898751315205519e+00
8.220331942205501008e-01
3.431290952476858891e+00
-6.602086490141632069e-01
3.298073071341530493e+00
2.881371108274578319e+00
-4.370606892716576652e+00
1.081912335862110552e+00
3.141603218486038074e+00
-3.108816479640622354e+00
4.981317687569326580e-01
1.365632472511743245e+00
-2.840963599640371484e+00
4.452590733944701284e+00
-4.388730732679019475e+00
2.342059033607890584e+00
3.304616736295152180e+00
4.638398627834586563e+00
-3.397759648769275387e+00
-1.535618631942199386e+00
1.771040287854495077e+00
3.929734610187722410e+00
2.915881108781075426e-01
4.837994637632650807e+00
-8.434298915652469475e-01
-3.800501986018713918e+00
1.981966001036813196e+00
-3.564934417616224316e+00
1.662775228863644372e-02
-3.915692942679180000e+00
-3.066443538478262898e+00
2.887225810930690528e+00
-1.711842495328668168e+00
2.436769008202891662e+00
4.876227965398314268e-01
2.959815021056957818e+00
4.301883593048577481e+00
-3.810430084583668275e+00
1.043654725917413373e-01
3.419599819956511411e-01
-2.955146972503429836e+00
-2.718358265816776864e+00
-3.248035021228940167e+00
-1.800752489163495174e+00
-1.971521231161713850e+00
4.532155092911633432e+00
3.281191140463974421e+00
-4.063286237363019637e-01
-8.760082086356346665e-01
4.950962310030053715e-01
-1.151936206395665074e+00
-4.449776661777336884e+00
3.689608279807494284e+00
3.781008872008143840e+00
1.673353728188919476e+00
4.407951884185631997e+00
-1.525170559533963743e+00
-1.912971368178083331e+00
-3.001861298125091615e+00
-1.300677964117490149e+00
-3.525584788348488985e+00
1.030030175690047400e+00
2.231896172672151124e+00
-1.774402067208459499e+00
1.428201340115470508e+00
3.372711116332002490e+00
-1.159508743667529984e+00
-2.778827091317144227e+00
4.194542459584248206e+00
-3.733950492762310169e+00
1.258647902567290089e+00
-1.912270480163257069e+00
4.097171875011628828e+00
2.552168921315058903e+00
-1.163280524320642328e-01
3.496260322067813675e+00
3.416381939440395143e+00
-5.665612131099670989e-01
-3.239644758475476394e+00
-1.399778266772703006e+00
2.435866142844735904e-01
-2.477477589733894092e-01
2.488970480053608547e+00
4.124060638668474610e+00
-4.556769677408366803e+00
4.031182540628641675e-01
2.031896748572412648e+00
-2.395523620047642410e+00
2.539409501929066337e+00
-4.242310242151781097e-02
4.885337851965411815e+00
8.293704647963053844e-01
-4.149309485482145732e+00
3.640498871564229688e+00
-3.770466180980661441e+00
1.209980030781657279e+00
-3.732011480407656734e+00
-2.387762305819860487e+00
-2.931625902235118986e+00
1.562893631819049389e+00
-3.569607997455240600e+00
3.942767884869650796e+00
1.516895156492235053e+00
2.993435516591762990e+00
-4.254430283677850255e+00
6.698759780475928016e-01
-1.758410977255215002e+00
3.450795819965494005e+00
-3.531684764184045200e+00
-3.280810700432622795e+00
-4.782575694810772049e+00
-1.359405608677781707e+00
4.388523587114274704e+00
-3.604714005432728463e+00
3.061590515534705403e+00
-3.083735108134023406e+00
-3.856582490531176077e+00
-1.034111686806566954e+00
4.282412753613064282e+00
-4.545316678017457868e+00
-3.299327017859809530e+00
-8.775648073717166042e-01
3.838735040698027845e+00
2.498018930965104190e+00
-3.179486921652447950e+00
-1.366381838433720297e+00
2.431553431061449722e+00
-4.415548214241290736e+00
-2.089580814507265849e+00
-2.957170348431186202e+00
3.750957453779358186e+00
3.553771938824182186e+00
1.736969243813214270e+00
-7.955634157735533840e-01
2.054951057726475128e-01
3.574453334722001330e+00
7.594270607960680319e-01
-3.182153451058411520e+00
4.910351037637171956e+00
-1.577385137653354086e+00
1.438633380966479081e+00
4.642891397228710915e+00
4.665274206908229360e+00
-1.176486746700700081e+00
-7.214796873006186217e-01
1.470003421785533781e+00
-1.280273449631540217e+00
4.299503115435362233e+00
3.953494135767501305e+00
4.691742340220980800e+00
1.433784498277825392e+00
-4.817225389437346905e+00
2.070140268916425441e+00
3.265058157103574388e+00
2.719517470390527158e+00
8.902571618801280451e-01
-2.460410369506551564e+00
-3.103859051715506023e+00
3.304785589722848638e+00
-3.398370291895387307e+00
-1.833255524560480687e+00
2.026785377363411023e+00
4.516566667267966295e+00
5.030159967680418731e-01
-9.244066504141645879e-01
-5.248291550122137217e+00
-1.106879846129239731e+00
3.724590243082012364e+00
1.079801224918685243e+00
1.105069221493531373e+00
1.656393768638235287e+00
-7.686391253323456851e-01
-1.811530758663512097e+00
7.828140032740034115e-01
