-2.172424949618712020e+00
-2.225566267110010710e+00
4.373479457546565641e+00
-2.929970748157106897e-01
4.737616280316601980e+00
-3.545780528330835235e+00
4.616564198597778557e+00
8.462415099920062023e-02
1.361546431442104632e+00
-2.178312380826134209e+00
3.758498403345594596e+00
3.410105233718825346e+00
-9.145680092447880938e-01
-8.180084518337578103e-01
9.139061595170225871e-01
-4.200575471353161561e+00
3.927037081918012262e+00
7.768397300477598577e-01
2.425601354505618978e+00
-4.509767797864618899e+00
-9.104595631391945165e-01
-1.990796078013238102e+00
-9.398878229780907034e-01
1.117701439759238191e+00
2.228517407930818983e+00
-2.727248551449545477e+00
1.606869655189369972e+00
-3.902867014387568556e+00
3.457422498782255715e+00
-3.108144628093010287e+00
3.452239170192457518e+00
-4.422431071136985636e+00
4.848715827179967519e+00
-1.191664739869611189e+00
3.451292747458220234e+00
3.931524477725078626e+00
2.112959895264058474e+00
4.709009896194377376e+00
-1.477209886379950987e+00
-2.004650352243354305e+00
2.072368491919929223e+00
-2.988252109384485600e+00
3.888174308490437880e+00
-1.743258499756801250e+00
5.615803229106592909e-01
-8.476552587856991394e-01
2.338600897217276042e+00
2.033154441480374608e+00
4.751812285635100608e+00
3.128584227268136786e+00
-2.033198861918759093e+00
-4.238248736953767803e+00
1.985358689911143060e+00
-3.292840263716171556e+00
-9.974553825624132841e-01
4.342649502808255235e+00
-3.281273333291040650e+00
-3.654545732484063336e+00
1.524788411920220632e+00
-4.095223964839648900e+00
-3.673567722680683989e+00
2.445658660539766327e+00
-3.866703561123967514e+00
-2.251968422918961821e+00
-4.952555047465381222e+00
-3.767527890684744030e+00
-3.833494836875592782e-01
-4.419911158763025760e+00
-2.110822027379387400e+00
-2.949754440467350580e+00
2.087847353473550882e-01
-3.488750654471598267e+00
3.004221527068965614e+00
4.047715328441412908e+00
-1.409636538242580173e-01
1.289145290385213860e+00
1.246291432286753320e+00
1.396657201251853664e+00
-4.221307661889616369e+00
4.622687007439127527e+00
1.640425446593305026e+00
1.917269578900300253e+00
9.452213050690900786e-01
-3.275078473719457151e+00
-3.711587541564416171e-01
-1.939427475161147107e+00
-8.670437817007542458e-01
4.071538532285883250e+00
-1.960073610879244921e+00
-2.863786622873092935e-01
-1.393720669817150259e+00
-1.929994854041817476e+00
2.386819563582658787e+00
3.725643891066932056e+00
-2.190797456096369444e+00
2.279885204130566834e+00
1.326765663298707099e-01
-2.944233127316668863e+00
-1.623660116439663570e+00
3.361560414056917523e+00
-3.872576840518787478e+00
-1.326252218825679563e+00
-3.684152276001864124e-01
-3.779491025681095628e+00
-4.846845610190582576e+00
-3.348703585078405265e+00
1.335832435844132249e+00
1.596759738810123785e+00
-3.156963029409893817e+00
8.361169368513055034e-01
1.950211178501831455e+00
9.653324684468120864e-01
1.288541010610359194e+00
2.910941012532324734e+00
8.555685414435654224e-02
4.932431447967793758e+00
-2.355979565126518072e+00
-2.826855972052360055e+00
2.620333643690878844e+00
2.234821714271282289e+00
-6.347566867143559222e-01
-4.546994691365362939e+00
-1.108835118250777185e-01
3.344659395314248940e-01
-4.845744623599324896e+00
2.742863884374475703e-01
-1.089287445260277210e+00
-2.904384671176504007e+00
2.837571326641521452e-01
-2.556229037856359021e+00
1.801156632677463953e+00
8.287586752078892616e-01
8.638803843788442904e-01
1.322864137103138660e+00
-3.588428345983247780e+00
6.163743398116796612e-01
3.085326239865178621e+00
-6.702399489857349124e-01
3.053520578327027835e+00
-2.534464290905375172e+00
1.929917584796125851e-02
-2.146905486529612439e+00
2.011709956441896985e+00
2.222095737283906303e+00
3.610147830438492633e-02
-4.591251058892206416e+00
-8.865520450653594509e-01
-3.343731783973939109e+00
4.360047828944237480e+00
1.893874615307201026e+00
-8.854952143258243424e-01
3.956684201110949317e+00
-7.942103888121998523e-03
4.805516903252776473e+00
3.699296094427708681e+00
-6.361715780411056897e-01
3.962910968471316409e+00
-1.228372573590471362e+00
-2.748346045313062369e+00
2.942463715686262304e+00
2.402595713321576731e+00
2.429787752659692046e+00
2.533550799040879653e+00
4.446904814939401263e+00
1.247814848922425668e+00
-4.985429476251032277e+00
-4.234444418079412742e+00
-8.672676440905906503e-01
3.252953207620645770e-01
4.892495511903590000e+00
3.837168397217618931e+00
2.781763965564855390e+00
2.879873050493406694e-01
7.530226083818778449e-01
3.344709043653502079e+00
7.635764986361390783e-01
-3.697954245768472425e+00
-2.570512367884493443e+00
2.512165226367306659e+00
-3.330670566275619748e-01
-4.523301254843441477e+00
2.574165028212184403e+00
-3.831015707738163467e+00
8.730563962640598419e-01
-3.103722084319759933e+00
-3.951839856887903402e+00
-1.125093988549288326e+00
-3.813910993635685198e+00
-9.895407853565778566e-01
-4.681425673259651532e+00
3.397255126472137121e+00
-2.980480406512610259e+00
-3.505847284637493289e-01
3.239618512564943487e-01
-1.854868275916915721e+00
-7.720962674811939763e-01
4.036205175141978074e+00
4.830257417507404227e-01
4.662221638359236309e+00
-4.677060267196534227e+00
-4.700899913111814321e+00
-2.952855387492117067e+00
-2.657232466818812977e+00
3.332371498497685991e-01
-5.206524773546483686e-02
1.670764849271320962e+00
-4.793325780155601734e+00
2.754074149719137665e+00
4.199081041474586939e+00
-2.543959161126410962e+00
-4.851114652805625482e+00
4.762889211862102457e+00
-4.330614389249660690e+00
-2.624029523419177945e+00
-5.549774094094832577e-01
-2.133535785132188778e+00
4.558647960754255379e+00
5.217843283636902640e-01
1.584276394876519944e+00
1.130406599406733825e+00
3.096843502904768286e+00
-4.724136959214348508e+00
4.438982251378932986e+00
4.806481378859153608e+00
8.428984507072829757e-01
1.591749382856652240e+00
-3.377399028946218351e+00
-9.668909959283809030e-01
3.128433089887675322e+00
1.248888089142665692e-01
-3.901338113602795588e+00
1.950094438955053633e+00
-4.283764043405870581e+00
4.335322499027977727e+00
-1.993385735762245314e+00
-1.293175168179210299e+00
-8.603822607555446922e-01
2.598479653141688495e+00
-2.942376469634489844e+00
-2.789736453835739205e+00
-1.706592090919859750e+00
2.662761615794805081e+00
-1.716815263345595532e+00
2.168665634099140149e+00
-7.324203211181536943e-01
-3.237275468688626034e+00
1.100583707876873873e+00
-4.310071756437617196e+00
1.701498883949353669e+00
8.525919141737041684e-01
-1.392794532833222299e+00
-1.487368331989524783e+00
1.031990308068497342e+00
-1.640009702501280309e+00
-2.973108501084238409e+00
-1.630544311144823677e+00
3.559011756081337907e+00
3.379692514591505770e-01
2.140304439528057046e+00
-4.387702400445291140e+00
-3.221748137739087525e+00
2.948952285143087160e+00
4.777401676374358530e+00
-3.692168803245087005e+00
-1.551665578601979512e+00
