4.043285787710394708e+00
-1.533540767141209127e+00
-1.906500370839091962e+00
-1.730735849360620859e+00
-2.035756793714352142e+00
-2.106285048825451423e+00
2.228338632862257196e+00
4.129537119102552056e-01
-2.882750761355539204e+00
2.982230199934964854e-01
-2.542867989006447171e+00
-3.551733851408787501e+00
3.255870637573383131e-01
-4.618630349887496322e+00
2.332599841479082059e+00
-1.885590760018893836e-02
-4.596206053724054996e+00
3.754979577604058871e+00
1.178067770689381399e+00
-4.682129081607235399e+00
-1.288586633730870235e+00
-6.225156188741748364e-01
4.016671322732607408e+00
-2.854890804628417822e+00
2.123315185025323792e+00
3.993086851627344558e+00
2.022910364861801646e+00
4.990171913530873304e+00
-1.998676970298737698e+00
-1.904185217723959767e+00
3.431879303238235313e+00
-1.292654576062334471e+00
7.176987394290260114e-02
5.963951795792947763e-01
-4.505257436002724880e+00
-2.058483733191566856e+00
-8.305601177614835295e-01
3.665445364778711301e+00
-4.665442999581911110e+00
1.446740076034241929e+00
2.697216622143683740e+00
-2.696954642028947191e+00
3.876017629534704412e+00
4.327125792151547579e+00
-2.935838575500484104e+00
-8.024768509196478217e-02
-4.158367620389664232e+00
2.198513806792122605e+00
-2.772037055805624650e+00
-8.473786130639570091e-01
-1.122342289111623703e+00
-2.934093786648666935e+00
9.762347371933579598e-01
2.147000953088610942e+00
3.973316026367308851e+00
4.459451757188635512e-01
-1.871057057238173726e+00
2.659258297695753281e+00
-4.605252564881721078e-01
-2.320613338566899220e+00
-3.068676064660123881e+00
1.599200984785934976e+00
-1.937120616620286340e+00
4.485070997412057281e-01
-3.271300122450208736e+00
-9.744853756526956623e-01
-1.552918740984698509e+00
2.018123497966270108e+00
-2.133067470403096966e+00
1.322054955319216241e+00
-8.075033984440959101e-01
-4.285516181854419848e+00
3.504005545281055900e-01
1.369302411480813664e+00
-1.091447505916448346e+00
4.718532129867544000e+00
2.953492026276455906e+00
-3.431112133072546033e+00
4.337570074252335317e+00
-2.685953757117309326e+00
-4.234001248360546477e+00
4.146497258018142062e+00
4.584163226215973275e+00
7.776763895765533008e-02
-2.748205142622075936e+00
-1.217297729666542372e+00
2.170024726925642966e+00
-4.375066221264446220e+00
-3.761526320918218147e+00
-3.976120118739300491e+00
-3.262762047905167773e+00
2.016194231634358403e+00
4.677450335023320527e+00
-9.838072558362576103e-01
-2.577429076589787260e-01
1.311581188533702813e-01
-2.559801990274965799e+00
1.646240180073092363e+00
-4.316677459657270788e+00
1.000925826092330828e+00
-2.565427123034441426e+00
-1.673522326263409965e-01
-4.185270966000461890e+00
1.916546774402845488e+00
-4.758112204561921743e+00
1.863640398556501765e+00
-4.062836827304394660e+00
-2.556828650491181243e+00
4.337310094863992660e+00
-4.735617665451130165e+00
2.111742199508001239e+00
-2.817455959998153681e+00
1.428344095947474413e-01
1.011718936703962068e+00
-1.656394964530366387e+00
1.806334251615539177e+00
-3.426510264148247664e+00
4.636299983087060816e+00
4.094302413528893680e+00
1.265519814433194445e-01
-2.433897291160966425e+00
3.875945039502488143e+00
-1.465550804912626237e+00
-4.380219144413606713e+00
2.129458034432234026e+00
-3.842553669146709705e+00
1.484108489047844648e+00
1.901212059429367329e+00
-4.836327375549353214e+00
1.489426364008636483e+00
-3.257418898477885350e+00
2.623589802567394713e+00
2.993154316095062661e+00
-2.841173358616865041e+00
4.700458960935095298e+00
7.762858707452024998e-01
-2.105196675252491989e+00
4.711072075812015925e+00
-8.898387336992970020e-01
1.691665872708663976e+00
7.709382960302796350e-01
3.021845075985237106e+00
-1.336643543729103767e+00
-9.265262365659787669e-01
3.137740813919565608e-01
-3.280265673064070242e+00
-1.663152105391498825e-01
-2.699826775192696982e+00
1.000568456804875828e+00
-8.603898373910082165e-02
2.416717396548435204e+00
3.482648108237738960e+00
3.367993880869362133e-01
-1.251176791555530299e+00
2.881316822088634932e+00
-4.364433887287109570e+00
-1.087556205340233006e+00
4.277598442654253930e+00
6.950259722353681058e-01
4.232348509603404807e+00
1.012357048241145918e+00
4.058910255198428629e+00
6.841142025024175011e-01
3.655696727760792797e+00
7.887749260219146796e-01
4.497738716189147112e+00
2.432995367840012357e-01
3.352486114363703695e+00
-2.611872235274153020e-01
-3.332341808412452977e+00
-2.331298722251229361e+00
1.849324137279391433e-01
-1.797247015863908004e+00
-1.170603126031911856e+00
-1.354564133400630421e+00
3.570699189829119380e+00
9.283059027703240984e-01
-3.170228049238593915e+00
4.776843694491867076e+00
2.962717042325655914e+00
1.999100109391797497e+00
4.517545007613541053e+00
-9.273660431919621416e-01
1.069221025842682637e+00
-2.912322542756216937e+00
-1.126666560139470086e+00
2.694950460408548576e+00
1.473233556880874096e+00
4.792317580545396360e+00
-1.145201588832782225e+00
3.846614370772874381e+00
3.464533875350530590e+00
1.816059838053036168e+00
-1.365588044655543509e+00
-3.044417448399025172e+00
4.204210194905687814e+00
4.740269447068189201e+00
-2.354778120641577210e+00
-2.989981447226696343e+00
-2.148497080380709967e+00
-4.288229801610585312e+00
1.422731543724568226e+00
2.139982958452057105e+00
4.682268203908219739e+00
-1.741912666988252090e+00
4.303721394509868681e+00
2.203597777057288987e+00
1.467038491705236813e+00
6.878064202740117317e-01
-6.725039062970684656e-01
-2.231004382295801225e+00
-3.612860604466674452e+00
4.614128052985048356e+00
2.299471718006089294e+00
9.167332563257367672e-01
1.041805877128399560e+00
-4.798039983522335739e+00
-3.991685774166132017e+00
-1.276315426009646092e+00
-1.491732544253896453e+00
-2.831684171176376719e+00
2.047342762999255772e+00
-2.969517633098051057e+00
5.229386751513711573e-01
-4.586876983580207678e+00
1.362430978838212292e+00
3.110799128208864950e+00
-3.959591682536754309e+00
1.065782405620586903e+00
-2.178955324221115930e+00
3.295090055686985320e+00
1.658168852619437583e+00
-4.473617820681490720e+00
6.572113601829573382e-01
-4.905426042757596861e+00
-4.725556033462669170e+00
1.058633723946331484e+00
1.836979518948348211e+00
3.155678405006839160e+00
4.005712244715758374e-01
-1.443659110815476376e+00
4.052118149245494294e+00
3.455806521722214253e+00
6.155086163935179489e-01
-1.377498227224068117e+00
-2.574503927653318591e+00
-3.438802504911219415e+00
-3.778570749297503362e+00
-1.070419005342911012e+00
-1.222516155173360541e+00
-4.415669590681798873e+00
-3.943006609018469000e+00
-3.795987727648406196e+00
-9.844322962638050178e-01
4.816372393647443850e+00
3.275859472512215209e+00
4.782406755795144626e+00
-2.303411518420521720e+00
-3.469760999051675343e-01
-3.399115220934381565e+00
-1.172370926443136119e+00
-7.911285738106248466e-01
-2.800063601414606751e+00
-2.364143002865041421e+00
3.304047040884550146e+00
