1.999085455241481846e+00
-2.057727320222054068e+00
3.029094494326924458e+00
4.788295133705605444e+00
6.129202427948347021e-01
-2.122971941960986264e+00
-6.474541990292181914e-01
4.522923899889775612e+00
1.986080605346067118e+00
3.377775232278972251e+00
-1.146150453623175691e+00
2.620647920844813683e+00
1.997511521409736535e+00
4.251845718964242238e+00
-3.240431930183862441e+00
5.885598999884101845e-01
-3.151829105267916820e+00
-1.883759661900171301e+00
4.890586134437648447e+00
-1.467553119996921618e+00
1.437866624227243317e+00
2.196111970726819074e+00
1.201133962129038307e-01
4.705965261846966285e+00
-1.783081566679071139e-01
-1.346994630142266391e+00
4.144573011798572182e+00
4.675406959642379512e+00
2.656327030222515262e+00
-3.973472383900839233e+00
4.342350962870169084e+00
-3.781511368440556353e+00
3.268865418019569979e+00
1.957986069043482935e+00
-5.032532989554853842e+00
1.854020280221372552e+00
1.564151788198890669e+00
7.791749621613605070e-01
4.407666219455786738e+00
1.119632041829648150e+00
2.405226580323455376e+00
3.092261021460162240e+00
-3.360752488914190650e+00
-1.618480507530201784e+00
-7.368714442987085445e-01
-2.410138297538661600e+00
-7.614378228953331273e-01
4.822772263610648480e+00
-3.479532445493168424e+00
4.823850703856805033e+00
-3.548018885396867272e+00
4.344361095821742680e+00
-3.697043887369320991e+00
-3.291941070502714783e+00
9.147384532257472056e-01
-2.036138913728960942e-01
-1.179800216105058169e-01
1.894231546551749412e+00
-4.471379441495984430e+00
-5.393543406069747359e-01
2.224035166466188151e+00
-1.415661914286393541e-01
-4.323131775667368615e+00
-5.011478025287735782e+00
2.895929484676706966e+00
-6.766205191596605384e-02
-2.440185115693999762e+00
-2.884172808608583161e+00
7.023986461592723884e-01
-9.959515963733558408e-01
-2.713948682680020763e+00
-1.522003414623779971e+00
3.858209141400824382e+00
2.933191392078078774e+00
-3.670026575109650580e-01
4.713746754185647703e+00
-8.444368925334728715e-01
2.178031905223708709e+00
2.440517003415372699e+00
1.004254735347686056e+00
-5.737726916390747389e-01
7.316487333684997818e-01
9.498023478086684568e-01
-2.272208448086361798e+00
1.608443394289620576e+00
-3.688519482350209877e+00
-1.349491663695257637e+00
9.544200442675918605e-01
-2.370198812061006688e+00
-2.200983334586587237e+00
-1.371281201279149320e+00
2.198543610020101902e+00
-4.205087186524165688e+00
2.135891888184131560e+00
-4.063457050941432946e+00
-4.475745707452174926e+00
-3.550746021677630981e+00
-4.733676761793509158e+00
1.625489804186504017e+00
4.722037360874686840e+00
-1.243311455797018628e+00
-3.073744562845428074e+00
9.580889685756792673e-01
1.181762729553745173e+00
-3.015931105844185556e+00
-2.401206183291640095e-01
5.001176369179433090e-01
3.851379949778851230e+00
-4.762224405322795562e+00
2.638292857868977048e+00
-2.629622004817628422e+00
3.812448760091649902e+00
-3.556078298813373451e+00
-4.800611077148868588e+00
-1.467097792321785832e+00
-8.395759205616383225e-01
4.459223846538000302e+00
-1.214089012611508034e+00
2.087992224976813027e+00
-2.507025777742953654e+00
3.213606354233441209e+00
-2.184748724774439044e+00
-1.854458358044028587e+00
-3.362532290609124619e+00
-4.028209777629388810e+00
2.524173496291945540e+00
-9.582398772005759069e-01
-1.253496179090529905e+00
1.633372088874105676e+00
-3.525480027764084756e+00
-3.987137385034950743e+00
-6.025286703552307221e-02
1.770696616512885013e+00
-5.136105952427320043e-01
1.001473878059501998e-01
3.109238551325531841e+00
-3.986446410438931665e+00
1.231165556046315723e+00
-4.778824849033343369e+00
5.634120335073263680e-02
8.065244856839581811e-01
4.533823921811300117e+00
7.885771807464031502e-02
6.867648650962114854e-01
2.597673874495940893e+00
-2.848707373782705332e+00
3.566337058142985406e+00
4.053732372605431955e+00
8.934230933974388611e-01
4.213276281271421730e+00
2.587031020243026003e+00
-9.442106922894020204e-01
2.083731380132065159e+00
6.196543870210216021e-01
5.845872930650236610e-01
7.504626857055693989e-01
-2.211176342697699138e+00
-4.280234667897169665e+00
4.583575763758246602e+00
-3.076663364880491525e+00
-4.737426949123861419e+00
1.515551766992061955e+00
-6.112128598001739244e-01
-4.507304498411467186e+00
2.977285802037735518e+00
-1.460296601438476616e+00
4.984519937067888762e+00
-1.882882132533868047e+00
2.270585817285229346e+00
4.945139214950008966e-01
-2.346886186563453158e+00
9.191714883713366646e-01
-4.113715501292127819e+00
2.290861114118135922e-01
6.380679100113756386e-01
3.979232499008862778e+00
-2.492214325470923253e+00
-3.162152925624889477e+00
-3.793281843105881013e+00
1.622440003372500827e+00
-5.731036726593247144e-01
-1.377114496350144712e+00
-3.375002415004196177e+00
4.943543881652871619e+00
1.972270472957788234e+00
-4.793220230317387198e+00
-1.609040368240693741e+00
-1.810384857942209047e+00
2.789616501929370163e+00
1.715441996589441187e+00
-6.637131294152645578e-02
1.571498863601970442e+00
2.591794786858276023e+00
-4.290757989115182802e+00
2.007576973541787879e+00
-1.313002877235145416e+00
1.816283675674554399e+00
-4.115969423655028159e+00
4.174910026377339989e+00
3.104005324877570526e+00
8.737850325697842369e-01
-3.139861749041480410e-01
1.727461120965426034e+00
-2.688782890440581497e+00
-4.406975337309644303e+00
-2.794827080479478365e+00
3.530761651543355750e+00
-4.161609037554567792e+00
1.588074158954142279e+00
1.537918684855938301e+00
-2.303586823301174924e+00
-1.856512429533416997e+00
5.981092223491069060e-01
-1.530027461692365920e+00
-1.271870355848759848e+00
-7.412779175872892257e-01
4.144747689349300046e+00
4.552366562844359699e+00
1.881623056112242676e+00
-3.005749867603235259e+00
-2.306929149573276661e+00
-4.947776130028723074e+00
-1.236875628234107349e+00
2.141301588509895382e+00
1.280105474656560327e+00
-3.514552091244985466e+00
3.383060415515097841e+00
1.829890476958900836e-02
2.260048124999351593e+00
-3.879289295201136856e+00
-4.237522347502165054e+00
-2.365797129522217102e+00
-2.625883731119784681e+00
4.213057387011364341e+00
2.241219489557817912e+00
1.478014598649817213e+00
-1.372542193878540706e+00
1.949294130430579752e+00
1.206565935680375734e+00
4.189674040840673186e+00
-2.583955007026321748e+00
1.124896095714667865e+00
2.914071780843873416e+00
4.760512719593656072e+00
-1.076977963993979381e+00
5.022263941614699689e+00
2.023043571516182748e+00
2.156106462579449712e+00
2.276227673874791080e+00
2.363771323474443076e+00
3.782178841228331923e+00
1.289013184809588930e+00
4.185119223456609028e+00
-3.118884191441308573e+00
4.757056914127454128e+00
-2.007277076760320966e+00
-2.398717805050182061e+00
2.500581804621051507e+00
-1.437148743324954125e-01
-5.637097970385280821e-01
-4.789319353549461589e+00
9.986151923703704414e-01
-4.104823235546875004e+00
1.766106290854400740e+00
-1.224856849450421503e+00
