-4.148990392264413352e+00
-3.621185136813402927e+00
1.754901915790743061e-01
-3.934869783682817257e-01
1.739790735870574423e-01
-9.248013006727191510e-01
-3.903181695866821066e+00
-2.455230334776841161e+00
-8.258679299625857340e-01
-4.257540123610001892e+00
-6.943252145431149103e-01
3.763935457359814052e+00
2.055621943993983791e+00
-5.233749401490328523e-02
-2.335914690964880691e+00
4.459879381570885926e-01
-1.963710510996019565e-01
5.038494478992161518e-01
-3.970251588375136365e+00
-2.963067044172376097e+00
-1.392014735300736383e+00
4.909488184751824136e+00
-6.328765943239567093e-01
1.257690430179856378e-01
1.814994423260523071e+00
-9.176610885457492373e-02
-4.141522116086136407e+00
-4.140429023516595919e+00
-2.955071134151744161e+00
3.469143536164926545e+00
1.597980397147340526e+00
-8.711969192851043431e-02
1.450426796340952507e+00
-4.018176371223876053e+00
-7.543985940084327879e-01
3.344285942268225398e+00
1.936836569018032250e-01
-1.604298488029939129e+00
3.797823736834669006e-01
-3.302125566501526777e+00
4.828757589606262002e+00
-1.874884228162976285e-01
1.290389630409125132e+00
2.394372450432183719e+00
1.573575827289666051e-01
-3.939197628599639955e-01
7.132858923416875996e-01
-4.302170064441583008e+00
9.883197044437563861e-01
-2.822000919197986679e+00
-4.904277972574066169e+00
8.763569572490226278e-01
-9.299238502267979101e-01
3.404701559926113674e+00
3.074647384255376537e+00
-3.110174124402766971e+00
4.457971161595846610e+00
2.087093408046801990e+00
-4.138703301574508941e+00
-3.332849527839384152e+00
3.992884075591618398e+00
1.021346968123140186e+00
3.636053899255662358e+00
-6.813809322739396990e-01
2.360266147538490955e+00
3.426116706052058092e+00
4.673744974100541683e+00
-4.265388625245313037e+00
1.172565351527899757e+00
-2.929386090630177186e+00
1.689106222853832051e+00
4.060104124681519266e+00
1.725358506512460366e+00
3.064042162148769677e+00
-2.371033440422782856e+00
4.580106365095380383e+00
4.590717507792836827e+00
-1.616969398634346966e+00
2.763773899471733131e+00
-2.601024432685863363e+00
-3.046216144976428009e+00
-9.852645016155054947e-01
2.955320598293651457e+00
3.509929839153208775e+00
-4.013230003805343671e+00
2.215470718764201763e+00
-3.385014241936614710e-01
3.490832598974121126e+00
1.148724088947896682e+00
-2.441749291247818920e+00
4.682235339626252824e-01
-2.153468413047612273e-01
-4.316160699085037855e+00
-2.361288079901293635e+00
3.625079105847197170e+00
-2.549660931505687067e+00
2.718312369604980461e+00
-2.682020772383516771e+00
4.770367211488757420e+00
3.734293204785863907e+00
4.170295711581761822e-02
2.279160688936652690e+00
-2.327093577002732339e+00
-3.330563745752357363e+00
9.080047723879713928e-01
1.296156183063078338e+00
4.275487265097041245e+00
3.250007699807369477e+00
-1.622697099221817929e+00
6.826394378314351030e-01
3.879401738122227883e+00
-3.193930685128043567e+00
-2.663933223602378497e+00
3.990838673475492371e+00
3.392515053885958309e+00
-1.637197293756889049e+00
4.337608971923053502e+00
3.005881006301812874e+00
1.917386128188901750e+00
5.902621345703096267e-02
3.487485479999236304e+00
-4.500515377059564059e+00
-1.311494979701363306e+00
1.977851802155163874e+00
3.120622090997159148e+00
-5.788669797986951693e-01
3.381278166157580145e+00
4.674785923668537180e+00
2.195582179418473778e+00
1.082779359658258223e+00
4.678468876435267987e+00
-4.140067548486261018e+00
1.575349721506418277e+00
-3.664965274605270551e+00
-3.306813341418379792e+00
3.530641859052170872e+00
-4.830136763883169593e+00
-2.078551286639629403e+00
4.839843073082638725e+00
-2.289274986939485501e+00
3.499078515556123037e+00
4.613580961620362686e+00
3.397307689821065679e+00
-4.282274504697996420e+00
1.933686185850667982e+00
3.955469213531230821e+00
-3.371713466903440093e+00
1.749211992270787164e+00
-9.175033118809263755e-01
4.769123697289957775e+00
-4.067489198737856526e+00
2.592109304963861049e-01
1.729438148150828525e+00
-1.110787646793411021e+00
3.730467053365741137e+00
-1.136979979647456673e+00
-1.049604938426436096e+00
3.512051957493277143e+00
3.698669987860068176e-01
-2.755040121237545492e+00
-9.594090407007191956e-01
-8.164027320927269571e-01
7.914150659092547002e-01
-4.077572889593036543e+00
3.404316676310937595e+00
3.896077382700433134e+00
4.447766848248575045e+00
-2.763569583299629873e+00
3.209619789212080576e+00
-4.541577164081138207e+00
2.067605637299807952e+00
7.171245209781806906e-01
2.325400415314024194e+00
-2.242000156773759301e+00
-4.128495220021443757e+00
1.604364203611719830e+00
2.208827044345257562e+00
3.593712337885722974e+00
3.459839487718921802e+00
3.757922045799867661e+00
9.294764465605922510e-01
-1.822001953487120129e+00
1.164493142442230678e+00
6.542922981061716214e-01
2.762922780153411750e+00
1.711003248071895300e+00
-2.397891083792826894e+00
-1.519309110305161248e+00
4.832614642703383367e-01
1.781790257838332892e+00
-1.280537250816938588e+00
-2.268401263205276130e+00
-9.531143903893557479e-02
4.490509751001166450e+00
2.018641789538419218e+00
-1.203578525001733013e+00
2.129338048179790555e+00
-2.496298329621595702e+00
2.965567386757870239e-01
-2.652069151206143616e+00
3.433718146805523119e+00
-4.646239095016664322e+00
-1.123943870711357818e+00
-2.009355557112378676e+00
-3.263297440644583602e+00
-5.494882551904778367e-01
-2.556177824864456216e+00
4.245738104740940599e+00
-3.814799847825955048e+00
7.957984850541235389e-01
-4.931012937574212884e+00
-2.906021930967368494e+00
-4.126987094893563857e+00
4.874337405774774368e+00
-1.923689054122927011e+00
-3.216848620213817789e+00
1.819328567566671495e-01
-3.629830628207820986e+00
-8.766083043325201274e-01
1.540243203345816880e+00
-4.984737452250639578e+00
-2.683752717203923055e+00
4.825034520100725643e+00
-3.227447161629987349e+00
-4.378266170249739631e+00
-8.835259026643518254e-01
2.072024363086672594e+00
-2.768135350264722128e+00
1.441203122431327088e+00
1.493296493984821893e+00
4.147170481715658497e-01
-1.118474656899515196e-03
-2.423707798505948752e+00
4.931398835449963158e+00
-6.761046364006295661e-01
3.016328622445064056e+00
1.121790153935321221e+00
-1.507289290007560734e+00
3.642554036895504055e+00
4.341373585633897747e+00
2.116984374547731917e+00
6.028014724478722997e-01
-2.284964953656043463e-01
-1.831564854011034083e+00
-4.937129645770168551e-01
8.324837392865607200e-01
-2.367478577614468005e+00
6.330797415650071258e-01
-4.711629245670004629e+00
-4.821576569727471728e+00
-6.845493159748317069e-01
4.845987966817942194e+00
-5.856998614887309884e-02
2.098795708987072572e+00
-1.001771539090686503e+00
-3.590901133826729374e+00
-7.631040672697295690e-01
-1.007359914221548358e+00
1.590891521461905711e-01
-6.501252468750209346e-01
4.537173806239405138e-01
-1.589499280615804810e+00
1.522978679275509784e+00
-3.333134574896439162e+00
2.550796001231995902e+00
