1.385492683356073229e-01
-2.299172208437605391e+00
2.940339996173468862e-01
-1.642565377067880306e+00
3.286122939376607377e+00
2.502757367921475407e+00
3.036611859328742113e+00
4.591950119637877137e+00
1.118186173720481236e-01
2.596903213795828336e+00
-3.213674630185759717e+00
-1.367648715742961762e+00
2.048674690050430236e+00
-7.762878545630877980e-01
3.697926406207841410e+00
4.221668621331433613e-01
3.305463321979431157e+00
-1.064048683006388885e-01
4.835981760375178240e+00
-4.115703181785032250e+00
2.721150798836018403e+00
-4.411307551760965673e+00
-2.167326391164078103e+00
-4.941069017785913786e+00
-3.702874954857244827e+00
-2.790687836052193838e+00
4.724731506093636568e+00
-4.491149064493519028e+00
2.366503641243435929e+00
-1.282958154012980856e-02
-2.765386298331924397e+00
2.090160330442843772e+00
4.700207863746001635e+00
2.417202139874178535e+00
-1.957976262404553580e+00
-2.665507231745406713e+00
1.075507294338473585e+00
2.129571800978705909e+00
-1.044961881740320564e-01
-2.366013771574872138e+00
3.273168673949903962e+00
-1.897708512098593481e+00
4.235080967257955464e+00
-4.895972981425535053e+00
1.217159641929466574e+00
4.408935265668365133e+00
-2.992735726214567293e+00
3.439021825389190212e+00
9.705736485302409733e-01
-2.055526795449229560e+00
8.977247763504037081e-01
-2.804198550148019109e+00
1.202502594610952436e+00
-4.408583540807731183e-01
2.439729135657230152e+00
3.621430106379312619e+00
-1.738858263633602519e+00
-3.834456765595302130e-01
-3.454734346817429635e+00
-3.174302310972185737e+00
-3.072919457265502530e+00
4.250108772777123178e+00
2.942718839705165124e-01
-3.693595771382678361e+00
4.605956647092975587e+00
1.067902028175376827e+00
-2.209643217119933389e+00
-3.302652959162069024e+00
-2.071833257960431496e-01
-4.500770401020986355e+00
3.994890709293750675e+00
3.655945075617106355e+00
-3.941752752575464758e+00
-1.099898609298226582e+00
3.601085064589897300e+00
4.688178717926113848e+00
-3.559002126169109381e+00
-2.657545618873200510e+00
2.482556891230109031e+00
-2.174963077050326987e+00
1.409186659766633376e+00
3.645575892455251932e+00
-4.566625894614126047e+00
-4.231782514482817170e+00
-2.981841603051376133e+00
-2.345706795948061529e+00
9.081224962492271402e-01
2.370162883193119185e+00
2.992402979692871057e+00
-2.169285390640146360e+00
-2.898305769032027968e-02
4.762266587480949553e+00
3.294448574962526521e+00
-4.734103486019339613e+00
4.168179874852913969e+00
4.564314246921298945e+00
5.889770809604479851e-01
1.462048002997958562e+00
4.579250666103209966e+00
-3.936198864281527321e+00
4.449072138977259172e-01
-1.632623406214506190e-02
-6.436797420886906096e-01
-2.894748606878043695e+00
1.649338614994535490e-01
3.599406606940307896e+00
2.008593985137263616e-01
4.209593581412546470e+00
4.234275917496718833e+00
1.714940582064295782e+00
-8.727816362842819586e-01
2.546771469863832849e+00
-5.111224130764560059e-01
-8.184035784314822592e-01
-4.677419152388920587e+00
4.447828197665980809e+00
-4.239624933451972666e+00
-3.040124398391591320e+00
2.212802240346705140e+00
-2.566325821979960065e+00
2.471679712653605421e+00
2.020454741634925000e-02
3.080917680829314165e+00
1.456319959878547010e+00
-4.741314714093879168e+00
3.475882417897411258e+00
3.080853957601824789e+00
-1.461913789242045070e+00
1.716480806632411316e+00
-4.330634794022978795e+00
-3.964308367941411504e+00
2.924173488227252982e+00
-2.972317699213657960e+00
4.851845254101924354e+00
7.763238972413244454e-02
-2.928390000243992208e+00
3.573807812080024959e+00
1.558345634438461857e+00
-8.720164409610751122e-01
2.473396174883851550e+00
1.104130681491110266e+00
-4.976854530902079077e+00
8.987323377103040301e-01
-1.420156409649876217e+00
1.587760788155541114e+00
1.194157731066053607e+00
6.756193764659821355e-01
-3.503510190947807246e-01
-3.793174112891071204e-01
3.541853105614627850e+00
4.216201906385947495e+00
1.996331756399137625e+00
4.450716068868214137e+00
2.983389780012700498e+00
3.202895457329562490e+00
1.805909850662893668e+00
-4.076412138298871390e+00
2.918721043015589878e+00
5.883350941680216550e-01
-2.467633743505265542e+00
1.460577722708445769e+00
-2.861345919723941034e+00
3.811571750334190156e+00
-8.960182155935303427e-02
-4.458837775584878926e+00
-2.198003787794799990e-01
3.287090514979933431e-01
-3.818722662742008112e+00
-2.936103351147250518e+00
-3.313755747322887579e+00
-3.386999168748765499e+00
-4.601952994378834205e+00
2.486239344301387710e+00
-2.367292920102384013e+00
-4.854980524170037448e+00
-2.051027125518069205e+00
3.503173538384491081e+00
1.080651992553035790e+00
-4.008004437855200663e+00
-1.122553508846729081e-01
1.277807601441666385e+00
2.184654667247674986e+00
2.737770687707080874e+00
-2.321471377387842594e+00
2.314222957822666515e+00
-4.802576335760289084e-01
1.908846142048941985e+00
-1.569900824204979450e+00
-3.941078038963302888e+00
6.791590122825301723e-01
-1.811907545388486973e+00
-9.498353223646027743e-01
-4.191270605208149647e+00
-2.113597803014912735e+00
3.444577458194705954e+00
-1.364358846480252296e+00
-2.316834308167696754e+00
-3.426200595437149499e+00
2.575961631056595813e+00
1.585004388177662982e+00
-3.141321947511771739e+00
-4.692803920426056763e+00
3.699920937931240772e+00
3.122873749725437520e+00
2.335808732457914871e+00
-2.735697918269569318e+00
-1.853684700514538264e+00
-4.256335806395301624e+00
-4.843399805669339031e+00
4.581753739035077544e+00
6.435730373443107055e-01
-4.362230966006960808e-02
3.592873537707619747e+00
-9.908103874939282463e-01
-1.212649139636534645e+00
-4.987756804904798003e+00
-1.493977841859073230e+00
2.985584843218385132e+00
2.410024876221877221e+00
4.775786804078864023e+00
-2.417205417373102794e+00
-1.313867995221710494e+00
2.020213318226923072e+00
-2.379953080390777576e+00
-1.394507187641351731e+00
-4.803882265014430608e+00
-3.239788906181983563e+00
9.369235159850743955e-01
1.849090094567865883e+00
-1.174708274949720632e-01
4.235733744248237898e+00
6.963917941602257855e-01
6.297120248358414329e-01
-2.122629816332868291e+00
5.092059691054195980e-01
-3.272084430582669068e+00
2.103628879353159675e+00
1.894812923438604635e+00
4.293107444664944872e+00
4.289810741127434213e+00
1.932679742535267309e+00
2.800646445448887967e+00
-4.240555249688744865e+00
4.248186979712231803e+00
-3.222776955445198155e+00
-1.680190146819563246e+00
-4.241724060782515515e+00
-4.291631931179873405e+00
2.445034158887226639e+00
-1.610837424262330231e+00
-1.943414955023806456e+00
-2.237217606232517753e+00
4.419231784693502529e-01
2.439695242273517195e+00
-1.152079682430232843e+00
3.233693438462392322e+00
2.793031311933271255e+00
-4.060944288624538601e+00
5.549317409860170525e-01
-3.446714462058580786e+00
3.706225410132654829e+00
1.096334122073640671e+00
-1.603749358100561295e+00
2.725077444843275742e+00
-3.168512365382936125e+00
