-2.609304367985903372e+00
-3.418257629472621684e+00
3.056814562402565105e+00
1.014692816167972689e+00
2.912704745120662686e+00
-1.422424415813445142e+00
2.664191385409374391e+00
-4.491755532589411182e+00
-7.992628735727864697e-01
-4.140222991650714057e+00
-1.533522941853147081e+00
2.551330452107074986e+00
-2.363847178240791269e+00
1.651251064002728475e+00
1.228581061118283246e+00
-1.694425001175127399e+00
-9.523127632197142534e-01
7.494882209648919824e-01
2.398443386040650882e+00
4.276267062930847018e+00
-4.892540510301270018e+00
-8.981811943824197231e-01
7.926925526481986006e-01
1.186039077429461575e+00
4.096408388371750142e+00
-3.420526416824220650e+00
-3.302571638180939129e+00
3.791839312752708357e-01
-1.340842931968882157e+00
-3.421471985771412427e+00
-3.225112774366893476e+00
1.656089401852654852e+00
-3.448851581261631605e+00
-2.131410976954721370e+00
5.825267315533477763e-01
3.267043606513903686e+00
-3.427048992943051875e+00
-1.253662778086282348e+00
-2.725518641716385027e+00
3.488835847805094925e+00
2.720578563669180383e+00
-9.793877250182020378e-02
3.789230501330022260e+00
-1.633454428389546242e+00
3.739085864713770579e+00
3.683934900192845863e+00
-4.898439776717724570e+00
-4.113522351369401697e+00
-2.692851526147227226e+00
-4.660991217815627863e+00
4.447001265014820959e+00
2.953158061420402714e+00
-4.331457691117283071e-01
1.350113267898100711e+00
-1.481100955133909824e+00
-4.330639438975808275e+00
2.522475651555123877e-01
4.667414930797991524e+00
1.915180787502927862e+00
-4.742884074154777529e+00
-2.776386880634599041e+00
3.079619541890559198e+00
3.778800986586864585e+00
2.164259661404991153e+00
3.087740058693077660e+00
-1.986167795815243275e+00
1.561319679357193069e+00
-3.722696030632726139e+00
-1.027764964493323108e+00
-4.599375508957225911e+00
-4.613643969629435126e+00
-4.818243471099568076e+00
2.890522175341072586e+00
1.769332471971742260e+00
-2.676151468136812817e+00
8.025926901161060112e-01
3.673695390480578027e+00
3.095553966140730751e+00
3.122069864859334576e+00
4.154281595377202763e+00
3.189737918156451357e+00
2.826425115616296946e+00
3.105470559168306277e+00
-1.847726708128689666e+00
-3.531914934679388107e+00
2.433944225234500713e+00
-3.006497403279961400e+00
3.070516346923189754e+00
4.677910463085217074e+00
-1.281306083591772227e+00
-4.059054150969996222e+00
-2.711485502236570255e+00
4.286654971032403338e+00
-1.682869652318995213e+00
1.750071842280770618e+00
4.903215400559981951e+00
-8.482615768440555648e-01
3.047567745886103907e-01
-1.061711187654374777e+00
2.905108042603313123e+00
-1.797791315943710666e+00
9.153920046767739516e-01
4.441088757385813324e+00
-2.470917753117584326e+00
-1.165913555322465323e+00
3.119465136609066658e+00
-4.728105757717514734e+00
3.487453274956288762e+00
1.898282031658347524e+00
2.829605837979420446e+00
-3.837983493961087067e+00
-5.020266361370431696e+00
-2.629637583251071664e+00
-4.457112343919241937e+00
4.997114009893700803e+00
2.132170892608256096e+00
3.387703877393747565e+00
-3.358812487927620882e+00
4.360464216023530071e+00
-2.679116186698544677e+00
1.836362768889342245e+00
-4.451762216642557668e+00
2.486153020022431548e+00
-6.570509693692183628e-01
-4.933965416184044273e+00
4.569687155893340957e+00
-1.389523826334014389e+00
-4.283990867714294382e+00
1.386511151282748600e+00
-6.744853200119450831e-02
-3.446056741281722235e+00
-3.843453396306497183e+00
-3.155123707976455361e+00
1.430603319886289970e+00
-3.563551947236326622e+00
-3.980723222658779092e-01
-4.113711012050995097e-01
-1.130205410281335698e+00
6.384073638493692471e-01
3.617743236902742243e+00
1.856588939868991650e+00
2.123513467425190537e+00
-2.672962378929722771e+00
-2.734389575432476516e+00
-1.200059223913031214e+00
-2.046099648688343819e+00
-1.969325092591558635e+00
3.124603760962915366e+00
4.604006509506954004e+00
8.027572907462484642e-01
-1.941415408484495897e+00
-2.660733353683984337e+00
-4.148912762511977270e+00
1.200303794388752676e+00
-1.963478473069625085e+00
-5.924677747625828328e-01
4.256500011768755698e+00
-7.883165616963816458e-01
-8.333107774678868429e-01
9.618341702380552860e-01
3.234953092339270420e+00
-6.572158332443099882e-01
-2.797258945603118274e-01
-7.217901166389392165e-01
4.113650272274659514e+00
-1.199329479571720203e+00
3.341728112325558886e+00
2.375032597058356898e-01
-5.877655804449464227e-01
-4.438819220920165343e+00
4.379500314482613454e+00
-4.418611267368998341e+00
-3.145938691307157420e+00
-3.862686156590409703e-01
-5.189252068871083035e-01
4.685378066206982162e+00
4.794021654382258468e+00
4.197490994590943103e+00
-2.348174732852813307e+00
2.522475386053613988e+00
3.815994437699909092e+00
2.578013828603790802e+00
5.202088956068380732e+00
-1.853860681881777772e+00
2.866172030670593340e+00
7.526147723169619441e-01
3.076880637274364449e+00
-1.141500808301439740e+00
-4.680467325716001881e+00
4.169925105850461833e+00
-8.855904751046115297e-01
-2.360701168652926452e+00
-3.101737532351007243e+00
4.538503818517510169e+00
1.422807656741871263e+00
3.609287222488332780e+00
-2.252418265781042983e+00
3.146655256128150668e+00
1.591218385742795727e+00
4.029764793737514950e+00
9.329011707211605220e-01
-1.836994002371822976e+00
9.722264018037495292e-01
1.625014722670419465e+00
1.908179975081549129e+00
-2.386031455147415326e+00
3.103189355195457022e+00
-2.377197917672521310e+00
-3.025860611987507554e+00
-5.120941325668359134e+00
1.186440637023369549e+00
-3.940414769861805500e+00
9.269127729615332933e-01
7.591148742427890062e-01
-4.466175140984246283e+00
-6.398107382562884249e-01
-2.602116538392398315e+00
1.962357496753674102e+00
-1.345247754397606688e+00
-2.819688171102187280e+00
-3.561222845806422677e-01
-2.949178745962808712e+00
3.523263438870979369e-01
-4.681765796062545171e+00
-4.180520225297638781e+00
-6.524893129540776382e-01
-2.654919136286459036e+00
1.259002453555794432e+00
-1.908893048356074817e-01
2.585380493462562379e-01
-2.873258791165556603e-01
-8.853957693883967028e-01
1.203589011395931108e+00
2.346151975303260251e+00
4.088718210133325925e+00
-1.203280501626280197e+00
-3.053411357875159826e+00
-2.464870608247825778e+00
4.969382550484910510e+00
3.966662640201357171e+00
-3.128694967901831880e+00
1.203743958735419950e+00
-8.455516176192354738e-01
-7.186877228306559617e-01
9.343842859786453958e-02
-2.109159520357014372e+00
4.615461094498074957e+00
-2.325986918104323120e+00
2.188769298530716334e+00
1.772476002136110562e+00
2.390036865905867725e+00
2.524282042629610867e+00
-4.558247082891462298e+00
-4.165197044877468890e+00
4.853236681137838460e+00
5.603595617201193591e-01
-3.022612537996505644e+00
4.050542460662855504e+00
-2.583444494295966898e+00
-3.778934637303549948e+00
-3.418484412720097954e+00
-3.256039405941009601e+00
-3.484590810586293941e+00
-3.873119554974747025e+00
4.560259994569522135e+00
