-3.660849161431221965e+00
-8.513435648358171903e-01
-3.013686543837082787e+00
-9.996530739887159456e-01
-2.154122776850245558e+00
-4.017528351960860888e+00
-3.585238643287231852e+00
-1.365441999010176488e+00
-4.511613394582272285e+00
8.484430376273799368e-02
-1.889528534442047381e+00
8.100045505519757327e-01
-4.788319943759333341e+00
3.046430663291108232e+00
-3.233345212445086769e+00
-2.275617245584305781e+00
1.216543555806088861e+00
-1.279133251840407048e+00
4.803533664137224157e+00
1.987059062766974193e+00
-4.596845945595831040e-01
2.393701463013306885e+00
1.091460653862518670e+00
3.867217736465017097e+00
3.622967306605715976e+00
1.270959162208997739e+00
-3.128208149439255070e+00
9.723159122316747949e-01
-3.598163600457449540e+00
2.919976690561531640e+00
-2.938836871412032536e+00
1.871522571863017070e+00
1.258610857582469711e+00
-2.996990213602857001e+00
-3.481469272216184407e-01
3.284868834207621546e-02
-3.873632387909751174e-01
2.487734735369987682e+00
3.400350006572958161e+00
1.496234128776961825e+00
-1.545413586622105040e+00
-3.192542325934266678e+00
3.426768639692364005e+00
-5.418968798692631594e-01
-2.814786491963555903e+00
6.375558717403055908e-01
-8.260174578813987978e-01
-1.240284869031754944e+00
-6.004679029921886624e-01
1.714138350427579560e+00
1.481230929717685108e+00
3.839555874844418071e-01
7.238060361603544379e-01
3.326295415752788642e+00
-3.605637250560391749e+00
1.902617560696584498e+00
4.243618695150603415e+00
2.242530044021359359e+00
3.867369600625666926e-02
-1.664169867008625125e+00
9.370178845834145065e-01
2.966082333292794360e+00
2.670576217368130667e+00
-1.038378473779192568e+00
2.396747824273640415e+00
4.371646559963252798e+00
2.414979698355013582e+00
-2.642846049158981359e+00
2.628372959023561606e+00
-1.515885802063809962e-01
2.385040370177586411e+00
-4.720749251079359610e+00
1.434371670443642444e+00
3.694060504765689146e+00
-1.558117198059318920e+00
4.503799819870494936e+00
1.625078632114286492e+00
4.823387053077993869e+00
1.616081980451378186e-01
3.374771039509981918e+00
-6.038659001080013411e-01
6.921122472804031034e-01
-2.788006548188111111e-01
2.514370617752046400e+00
-2.353618392765717271e+00
4.775222690887046539e-01
-2.999819358773648581e+00
4.837462803410393364e-01
-1.050762723515032970e+00
-3.419996975739833189e+00
1.854862939487853524e-01
2.106401568011458281e+00
3.445023697400419138e+00
3.139064944349472697e+00
-2.083156104727440727e+00
-1.271387130693006906e+00
2.859556934282261764e+00
4.579398255215689773e+00
-5.407538120868906617e-01
-4.463065042100157420e+00
8.225786403259407464e-01
2.245992725551468894e-01
3.757587794343859144e+00
-6.167841237705768975e-01
-4.449193855505716222e+00
5.467675933103519625e-01
4.571078409894571593e+00
-3.134162947359001805e+00
1.526162972859426370e+00
2.437330328519102363e+00
-1.803689346762647139e+00
3.997027341603855533e+00
1.941270353019124428e-01
5.715342961359226592e-01
-4.725641355072520255e+00
3.887066804747160376e+00
3.841849116946251641e+00
-3.666666367668095283e+00
-2.344038261654054267e+00
1.674455600608739658e+00
-4.833599701784282665e+00
1.586004511935869887e+00
-1.972561703873594308e+00
-3.965355454295097282e+00
-4.196172846996364392e+00
-1.431931510383388506e+00
-4.282871513087057380e+00
-8.767937866299293503e-01
4.850362476542443346e+00
-6.339198947941313556e-01
-1.595668401961474192e+00
1.199388009005382116e-01
-3.860405215841105964e+00
2.843485949815097946e+00
3.313700518911996795e+00
1.366189843903855561e+00
2.340822227698504676e+00
-3.304571968541268667e+00
-4.364073830093740725e+00
-4.120604563589099989e+00
-1.549478092380480732e+00
-2.990985611577930747e+00
-4.786181077549578333e-03
-2.044365796629661336e+00
-2.549660520954226683e+00
-3.270952548099845814e-01
3.936612408470656632e+00
-1.543027050281675638e+00
-6.807464558278741862e-02
-3.425974448871165201e+00
4.487044878956060856e+00
-3.793387300873950707e+00
2.712820136263306203e+00
4.171681923576551654e+00
-2.456277913562254778e+00
8.372031323088702237e-01
-2.460809968818871152e+00
-3.595563507910331857e+00
-4.173232185071879208e+00
2.395627338480279533e+00
-1.617675416821482415e+00
1.758322395427816431e+00
3.323901483004121360e-02
-3.433445128380312461e+00
-2.332309224320296082e+00
-3.394154704558806301e+00
-4.941348395912090297e+00
2.805777627160112253e+00
4.673806051428563535e+00
1.586180723548239691e+00
-1.442302181216322587e+00
-4.721143978816135345e+00
-1.380751045966546187e+00
-8.696806241709005292e-01
-3.875916779147738911e+00
-2.030552911127791127e+00
3.323212630085425445e+00
-2.713367419826061777e+00
-1.513250376381318762e+00
-4.685106910112905254e+00
6.962997642068815551e-01
-4.544023877806735001e+00
2.475715808631903769e+00
-1.366712545686734614e-01
-2.044018829910384305e+00
-3.190620307639013831e+00
-1.977450766713838348e+00
-1.576099262148193958e-01
8.893330640501106998e-01
9.726440058421639279e-01
-2.843065102674634304e+00
-3.922547607841654127e+00
-8.567839194608604103e-01
-1.595001553352370038e+00
5.643677246782576873e-01
-1.246776227025732098e+00
-3.149628568820786789e+00
-3.899792414404346097e+00
-1.765004540772584285e+00
1.089360914156386251e+00
-3.708613820511601489e-01
9.573328747150782192e-01
1.314630580063096410e+00
-3.801069361699677351e+00
3.261889949987660131e+00
-7.884893495403684227e-01
-1.069276381430692702e+00
3.601429297841690413e+00
-3.731748266700407601e+00
1.611735536336320607e-01
1.936053115239115385e+00
2.588786893658410193e-01
-3.710009673365645355e+00
4.288199459192599150e+00
-4.703488077541156720e+00
3.207333946354451015e+00
-3.458818562085304027e+00
2.912750980631284570e+00
-1.032195832494533505e-01
9.238236586783372672e-01
-3.917397890562048790e+00
-3.281359513908145509e+00
1.587403197386599629e+00
-2.022331813051307936e+00
3.664941091444635646e-01
-2.513609716068501143e+00
-1.882954519333078558e+00
-4.695987359515646276e+00
-2.897669102342282699e+00
-7.372662211586202829e-01
2.346300357461155173e+00
-4.444693217776924499e+00
2.010752996077709298e-01
-3.483685246088341625e+00
-2.673850924488888836e+00
-3.047449888914721683e-01
6.559675813331615757e-01
4.946360711757479933e+00
-2.368262739279720641e+00
-2.342884279604877662e-01
-7.401742382595308811e-01
-2.388252049584341563e+00
3.046886755789806500e+00
-3.956752413162329951e+00
-4.102012946918966563e+00
5.955144834140195798e-01
-1.602671926964683635e+00
9.049032504448026870e-01
-1.139446358720564767e+00
-3.816189822954664024e+00
4.702288425757847889e-01
-2.838073073840260641e+00
3.795826660972347000e+00
1.324502846308175386e+00
-2.820166936746132613e+00
1.902897672530147410e+00
4.845582702348966819e+00
-4.431808300157627833e+00
2.499572376249572514e-01
-4.081266528036666230e+00
4.928616038166831359e+00
3.704827583579220374e+00
4.319649158138847866e+00
3.562086564800754473e+00
-3.620484861889688766e+00
