4.911413675177264793e+00
4.276844329942179002e+00
4.878300994190798434e-01
-7.354729677586746561e-01
-1.711796998230217248e+00
-3.365805281293426710e+00
2.344768476959158576e+00
2.374511052645652320e+00
2.887498453471923909e+00
-1.689398747865209494e+00
-2.870699049397136271e+00
-7.251164764151614150e-01
-4.878495635492844151e+00
1.421369021858316373e+00
3.431200936859914563e+00
-2.478043953188384663e+00
4.001742222937542337e+00
3.494755835895400509e+00
-1.519574231209992465e+00
1.725554890378290018e+00
1.124685801128498142e+00
2.595107442096598049e+00
9.834291322951846936e-01
2.021610659321382286e+00
2.712249819876678458e+00
-4.244378156977347771e+00
2.496938115527454372e+00
2.575772587998863550e+00
-4.210693079051710086e+00
2.709548549707156972e+00
-8.353217779039958657e-01
-4.871265306308373511e+00
1.112043468685174119e+00
2.555830354619176070e+00
3.090372483082752808e+00
1.477122326822305709e+00
-4.993575455348411296e+00
3.425969293238532387e+00
-1.681567008971950550e+00
-4.002092254910241564e+00
-2.384702330412315163e+00
1.534602084087387297e+00
-1.272694477345156727e+00
-3.108927572160700148e+00
-4.371200490596615751e+00
3.116258163809099813e+00
9.329768428845950368e-01
-1.923305000314083912e+00
-3.619470711430927690e+00
4.554222655806453801e+00
-8.634058513888067665e-01
4.271433695288461507e+00
-4.949460177095255098e+00
6.614177652534669605e-01
4.606605613423498724e+00
1.660145559079663435e+00
3.380070031064558833e+00
6.708934730799676061e-02
-2.313316681689674414e+00
1.270787088937968434e+00
2.404713110189780956e+00
9.680703335081553007e-01
-2.112973659956439931e+00
-2.457821385089093091e+00
-4.936771733076117386e+00
3.495374542073198754e+00
4.994660662162623055e+00
4.474165737746414351e+00
3.170218503994238546e+00
2.695038572745397154e+00
-3.996048251369570536e+00
3.067610435731399576e+00
-9.741761155788140059e-01
2.403061066498678677e+00
3.647564360545807460e+00
1.417891969682145259e+00
3.169365396571551585e+00
3.508478041049658103e+00
8.780495357021020908e-01
2.831340885252474848e+00
-1.790336670434503397e+00
-2.838879966415686074e+00
-3.315722333916127695e+00
-2.422061183054101896e+00
1.740628854943309989e+00
-2.797383073326887626e+00
-1.022196628635121396e+00
-8.224354713124828464e-01
9.912936019400451215e-01
-2.135662613512842256e+00
1.088224646198670875e+00
-4.427972107429969384e-01
-5.013595875115957057e-01
1.277795011882808751e+00
-6.459840848447671036e-01
9.232046433447447242e-01
-1.548635107949317913e+00
-2.849757862349537874e+00
-2.738949501490328675e+00
-2.848900331858978952e+00
-1.315547216023506216e+00
2.030206668060473341e+00
-4.319763492734733923e+00
1.147854270948305277e+00
-1.097761617488352215e+00
4.574261098691849270e+00
-4.414024894125903486e+00
-2.558504331469830806e+00
1.974713735268921688e+00
-4.815529872629131347e+00
-2.851270224474815596e+00
4.067769727345527997e+00
-5.141984961304579826e-01
3.824184928493885138e+00
5.067210325561610773e-01
6.347321887857058087e-01
-2.371025096204139260e+00
-3.950013605738348588e+00
1.141389015131592188e+00
-3.312655879014201332e+00
2.574434596126353725e-01
2.610711675988561353e+00
4.995021281198706475e+00
4.632777115489533415e+00
-1.145416528712142057e+00
1.235442483522939838e+00
2.206247115775294532e+00
-1.263810143476638892e+00
1.641075974712084218e+00
2.983634348911881062e-01
-1.607777266590035836e-01
4.316287387275611565e+00
-4.363200578591500900e+00
3.355613343864852993e+00
2.457599244397150606e+00
4.450118042275564179e+00
-3.489564082855024729e+00
-4.529592890723620258e+00
-3.920681969440382719e+00
-1.405324429780119289e-02
-4.990902944446629519e+00
-1.808300560318762074e+00
-2.516711250700539360e+00
-6.550546898423679210e-01
2.160047618509769229e+00
-3.143102249103631785e+00
-4.225960082877278090e+00
1.136746643965236281e+00
2.253700353638613763e+00
4.154504350306691407e-01
-4.070593819455980977e-01
4.952456908025386184e+00
-2.228557555146331026e+00
3.656821216456457080e+00
3.154389459218045033e+00
-1.068396358196919138e-01
-2.268826067714114991e+00
4.409460152656368592e+00
-1.684080654738670191e+00
4.762056598510088889e+00
-3.282096353801305710e+00
-4.417649194085245590e+00
-1.217126254154869969e+00
1.418037428529281385e+00
3.027937284041854582e+00
-3.957014719484575949e+00
-3.833276578120466738e+00
-4.369446719724946249e+00
4.091258385310240442e+00
-8.641333328893585630e-01
-3.565716238394467386e+00
-1.802493833555089076e+00
4.391639428391922451e+00
-3.306740736947306747e+00
-3.263221893045860966e+00
9.000665563345684461e-01
2.059993286077757446e+00
4.499902174915726860e+00
1.124921266254389707e+00
1.269853493933670308e+00
-1.331901965086608186e+00
4.530833006868480339e+00
-3.198740496888721196e-01
3.683745560800053553e-01
-2.171071193609278360e+00
3.705859821237972085e+00
1.624205596665896145e+00
-1.288023614836020236e+00
-3.965497779134280698e+00
-6.473698904846010294e-01
4.068503395917632659e+00
-2.044400381959684765e+00
1.592570055303759169e+00
-9.897682084503323097e-02
-7.140815939147779901e-01
-3.560913777603293973e+00
2.832261059069391074e+00
-4.315083597543165617e+00
-1.739647129934693837e-01
4.227612093632414414e+00
-3.655828210502953812e+00
-4.415557264400447046e+00
1.361573717165222241e+00
-1.673202731636060037e+00
5.660395879580306655e-01
-1.955112132992243623e+00
-3.459581231615102226e+00
2.800540407110032604e+00
6.266814574932366710e-01
2.305313540522132776e+00
-1.002815445012577911e+00
-5.447259769800458784e-01
-1.037540844569802001e+00
3.022810315609801179e+00
4.121057340278635905e+00
-2.936047346897392440e+00
-3.545186493103621217e+00
-1.950827856476325728e+00
2.876352966389558397e+00
1.182369211184532531e+00
-3.157432940834731028e+00
4.590305482214908750e+00
-3.612156700927136033e+00
4.195696776760346580e+00
-4.834717501657332051e+00
-1.654097589301311011e+00
-4.810352663614818169e+00
8.144974604084085357e-01
4.520977805046475950e+00
-2.192600666253072816e+00
-4.764449653094137815e+00
2.019884309670096023e+00
-2.393652157859167406e+00
4.183908328166255686e+00
6.010247700293094297e-01
-2.728175634472895794e-01
2.573568310488987265e-01
2.667886575989598441e+00
-1.823905384875246227e-01
9.414649233000238482e-01
8.963413084732110292e-01
4.159042455880653577e+00
5.756190444806801310e-01
2.350487731013956250e+00
-8.828865891281818534e-01
-2.212381212962111210e+00
-2.373924137474254792e+00
1.525931456221486293e+00
8.897001566536246742e-01
1.082107931471835371e+00
8.037582143554935499e-01
5.513790731873413620e-01
4.665360738837094345e-01
1.778275956000409330e+00
-2.840536643400589867e+00
-4.160150917504502388e+00
-2.319211424964497947e+00
1.495396874973522472e+00
-3.059424863278992213e+00
-3.079410941193332363e+00
-1.277144145073219939e+00
-2.128563244045534653e+00
-4.685593931486557118e+00
-4.101989918703772275e+00
1.462956799263608332e+00
