-3.196249144031675371e-01
-3.393937343274405549e+00
-4.877327557559397064e+00
-1.569429535038968648e+00
-2.475892936675341272e+00
2.345852593473578551e+00
2.827043752082447625e-01
-2.918916608158725889e+00
-6.213916479128513970e-01
-1.072282583998202199e+00
-8.700486874249957481e-02
-4.449471103088940893e+00
2.715731995024653678e+00
4.568873299990288572e+00
2.189501970921203799e+00
-2.634083964642456088e+00
4.864334217439459707e+00
-1.916905531237956595e+00
-9.341546203125243863e-01
-4.853931715897815025e+00
-2.235776187710312168e+00
-4.330286402802738799e+00
-1.621752821320755267e+00
1.000334256258613053e+00
-9.524608386636499446e-01
-3.526903393050978330e+00
-4.106718972468469175e+00
-1.776729922791542293e-02
-4.862789283530694284e+00
-3.625504341873164726e+00
-1.429690681445698885e-01
-2.836065670965811414e+00
-1.904409711648371584e+00
4.496046306240389256e+00
2.898518835103391922e-01
-2.282300994289903961e+00
-1.122267530663911828e-01
-4.659597447880790000e+00
-2.935185170031111568e-01
-1.429131045410533041e+00
2.293037428437215475e+00
4.449607462680502223e+00
3.554725239719884300e+00
-3.224224089119640535e+00
1.270583890842374331e+00
-3.414859889942366777e+00
3.770619679663722579e+00
4.725960064642311664e+00
7.011008105680280877e-01
1.783263958498688240e+00
2.306139437603391684e-01
-1.160097793800030086e+00
3.182345718731202311e+00
1.480730305482341969e+00
-5.433455981806538659e-01
1.458282528365751674e+00
8.099225584862947969e-01
4.436002633501759718e+00
4.976895247863632576e+00
3.175886480545965895e+00
-4.898856705553446211e+00
4.841101503864424060e+00
1.632592439786274774e+00
2.791700814641304262e+00
-3.328550550840536637e+00
-1.465461525243740848e+00
2.454992329020458719e+00
4.643510539349936295e+00
2.102856425083450276e+00
-4.377133973956214064e+00
-4.305659605429462466e+00
-3.353026899859624876e+00
-2.511643418117213145e-01
-3.466593581481236530e+00
-1.226368820496345435e+00
2.622318006836277249e-01
-3.434228863878367122e+00
-1.081982039678630603e+00
-3.245428543376529529e+00
-1.357392168158062518e+00
-2.991231724524572311e+00
8.773578418903600351e-01
-1.010151275710099661e+00
-4.557558094619688305e+00
-3.402076904127602219e+00
-4.426302740841283168e+00
-2.205811626726204899e+00
-6.260261788640715253e-01
2.796026947739170154e+00
2.959658094685458707e+00
3.707618609500102025e+00
2.941525357016555375e+00
-4.911772755174029115e+00
3.577692728759902963e+00
2.586694264526572695e+00
2.837844087853444996e+00
2.652641831331133737e+00
3.407772654777133425e+00
1.778506482108888065e+00
4.136658446478907791e+00
3.191730820139170532e+00
1.532456526392377505e+00
3.922532849241012087e+00
1.417404956409135330e+00
-2.422247083255334665e+00
4.269577797304540567e+00
-4.137250896248634291e+00
3.033604967390592932e-01
6.947365307416184521e-01
-3.813432102912975630e+00
2.078358458669748998e-01
1.230024366731541363e+00
1.650818148990831347e-01
-3.886105927284360106e+00
-1.577739789783461077e+00
-2.156387080422208502e+00
6.784377349048842376e-01
-2.177957939830822198e+00
-2.047052656990810959e+00
-3.245856689568593634e+00
-6.218101298640021923e-01
-2.830997417479419465e+00
1.007147752214265779e-02
-4.027889021645733258e+00
-4.642619776654428598e+00
4.063381921828652210e+00
3.976975928219502521e+00
3.835187577169989481e-01
4.089858200298129631e+00
-3.164789202251946598e+00
2.843804710173763795e+00
1.172739495402184140e+00
4.256255918203674327e+00
2.108905745952700528e-01
1.023778447471798358e+00
-9.100537866238660456e-01
3.325606792624443031e+00
-4.150015798339927287e+00
2.421387652764277476e-01
-1.035109414806001382e-02
4.777834622096124306e+00
-3.735332951235471377e+00
-3.249980724323585868e+00
-3.233327150822424834e+00
-3.105644618762311016e+00
3.116823983935580245e+00
-2.533242367585690769e+00
-4.206912438907273177e+00
-1.801309999786033789e+00
9.820054498657082576e-01
4.951354437640970829e+00
7.844416503288105247e-01
-4.552076266266487536e+00
-9.596806574414387114e-01
1.808375905797987571e-01
-4.761336364400913013e+00
-2.116421389993891289e+00
4.936685089934760740e+00
-2.244425336897268863e+00
-1.062060417714627558e+00
1.158293311976857254e+00
-4.577766351248143906e+00
6.169825644425275257e-01
2.474141419630878858e+00
1.773805100248884159e+00
-2.833875533364240695e-01
-3.769517531420390810e+00
-8.628323092272758288e-01
-1.646667893349614609e+00
1.729569819044448842e+00
4.672151038346099128e+00
-3.893107988363112781e+00
1.334235247754116394e+00
-2.204665794613455354e+00
-1.772565732474808975e+00
4.858868762534005015e+00
-4.668868248478474925e-01
-8.599963618511994312e-01
4.820379544026923924e+00
3.417218621849421822e+00
2.295329395969192277e-01
1.138993463834326647e+00
2.080378712197190616e+00
-1.583026632025770208e+00
-1.826641192234199629e+00
2.941447241457844974e+00
-1.186555543506116805e+00
-2.536294277293919208e+00
-1.208202316744854343e+00
3.531196199846295514e+00
-2.920537031995270816e+00
-1.595757725857217757e+00
-2.468416900882635101e+00
1.446770251301718879e+00
7.470500063717349093e-01
2.109318413756154698e+00
1.958219218804776673e+00
-4.155631566887355355e+00
2.430249169010298971e-01
-1.373924516581119804e+00
2.296567956680144462e+00
-6.605308745590985353e-01
7.112808995894699393e-01
-1.400480026016561741e+00
-1.673260665247313650e+00
-4.526493019670897233e+00
-9.399664389496997785e-01
1.496600280263625571e+00
-6.455468382776317071e-01
-3.840345527182225993e+00
-3.740898286550683238e+00
2.255957389946918745e+00
-3.247747692384428397e+00
4.822054634301945697e+00
-1.800025323149858636e+00
-1.433937923026693539e-01
3.713459541924356344e+00
1.458651183202381851e+00
2.279669994839114366e+00
-5.266046673886268792e-01
-1.098099185945860867e+00
4.634473201201947390e-01
3.293681970930975922e+00
-3.564257329342133129e+00
4.046072252333569708e+00
-3.488766315279235641e+00
4.049903272373533980e-01
-4.273768754027226890e+00
-3.734004669282635636e+00
2.600518623455236877e+00
-4.020072030471898650e+00
-4.590117562587780142e+00
-4.194769386285956081e+00
-1.744837799731677741e+00
4.591221867003309143e+00
-1.775305294295300484e+00
3.375446325535522263e+00
4.088641096245863693e+00
3.522485311028390242e+00
3.821692296444023640e-02
3.531865530365973171e+00
1.124612560377601156e+00
-4.395022813928274097e+00
1.730861078247900586e+00
-8.976087396739975688e-01
4.396962335279608780e+00
2.447147532227935685e-01
-1.094235394789271343e+00
1.716250614227035953e+00
-2.785978725742269901e+00
2.240620289644699170e-01
2.179352533983017537e+00
-2.240559054806550154e+00
1.736948603070796793e+00
3.341155984837346438e+00
-2.387411862735170587e+00
4.545688678658013515e+00
-2.714015450669734264e+00
2.781033215834955996e+00
1.140542045877857014e+00
2.527524941999555352e+00
3.643229590651944960e+00
1.534300708334780161e+00
-4.760490293340807533e+00
-4.783823600952842980e+00
