4.124481862027298718e+00
3.537116596892685649e+00
2.067664987753605743e+00
-8.956093107595366476e-01
-1.990847885433547404e+00
4.198056403974195661e+00
4.322124237774904287e+00
-2.906291753993892613e-01
-2.906704202861758457e+00
-4.844822752089221751e+00
-3.867473389769398029e+00
2.677794081873199339e+00
2.952741635196166392e+00
-1.636749921559891519e+00
-2.297323203226412147e+00
-2.312543762452750062e+00
2.521038781589117761e+00
1.533770650914195954e+00
3.367263171440114888e+00
-3.944301702358782080e+00
1.761750037906296917e+00
-8.325215913301402537e-01
-2.356528817153219713e+00
-1.743226438049381155e+00
3.853412791286357830e+00
3.137704369585136988e+00
2.704555547524084780e+00
-1.414876115437478710e+00
1.324831469525361349e+00
-4.652531748406840251e+00
1.030059118332340873e+00
-3.359722793350289116e+00
4.391567518677605975e-01
-2.843768864629772963e+00
6.867011865163235029e-01
-8.131133235012253380e-01
-2.353941721854392100e+00
2.363068362903656627e+00
2.883856787386069875e+00
4.969484160584423549e+00
7.181432104604201783e-02
-2.176654570264013877e+00
4.914884458463477657e+00
-4.095619481863521649e+00
-3.540340681644060794e-02
-2.572973945001480800e+00
-3.550512009330320851e+00
9.843384814705791186e-01
-3.927533459953398420e-01
-4.164947039167518739e+00
-4.860782424351408615e+00
4.781312992652686944e+00
4.488555499825201522e+00
1.896951491525177502e+00
4.670247563973561000e+00
-3.939875839994784190e+00
-8.940452376733531992e-01
-4.431809871927759659e+00
2.765806324711141073e+00
-4.772591299308869495e+00
4.076008436337698271e+00
2.140735203565916400e+00
-3.762692849257822658e-01
-4.688501561479264446e+00
2.376156077726680138e+00
2.216743815265381556e+00
-1.945144197844035361e+00
1.943368940609105699e+00
6.570562905302210766e-01
-2.606095312479410619e+00
4.705473821528485701e+00
4.569146381709106919e+00
-3.567402742187896436e+00
7.253076331640997410e-01
-3.598496646191420290e+00
4.373075404319767046e+00
7.705596025994942977e-01
-1.401191729236609618e+00
2.833802349588363967e+00
-5.020065670947380099e-01
-1.823826397931224363e+00
1.572575043137582895e+00
-5.828418622140416616e-01
-4.184638745587784925e+00
-4.803387244872324047e+00
5.640175952801262937e-01
-2.202697519418302718e+00
-6.003729757227205255e-02
2.760965467564205689e+00
-4.941451830921549160e+00
7.526532151510050284e-01
-9.789814249716641825e-01
-3.789989925678050042e+00
2.768426183723823542e+00
4.768409343143966694e-01
-1.833849698753728941e+00
2.174112737346751700e+00
1.641802228628533200e+00
-1.790790186555679675e+00
-2.700647892796044225e+00
-7.540663352565424304e-03
2.095319568199435878e+00
-6.162207219118451818e-01
-4.501647426822168896e+00
4.414664472126823114e+00
2.334537046684497241e+00
-4.181689187055877888e+00
-3.737479344318261898e+00
-2.136642952828399444e+00
-2.620305718083109081e+00
3.342790046688769223e+00
7.993427349219839328e-01
4.767620068270634448e+00
-4.211728867037232149e-01
2.045650504540505565e+00
1.293278442377983062e+00
3.490737335036522282e-01
-1.072909265338535256e+00
3.577420002539998478e+00
1.371045407455241616e+00
-4.837967627123362035e+00
8.418161381205919724e-01
4.222628696935338155e+00
-4.807880369930574105e+00
-1.062613235377875220e+00
-3.249289677495950102e-01
2.416660063893429466e+00
6.446756528307240330e-01
-2.503386146408725921e-01
-7.561978220984499899e-02
-4.509355074876384428e+00
1.903928896469944121e-01
7.117076854574646561e-01
1.732513583725429740e+00
-2.295209936736386513e+00
3.323147511474214610e+00
-1.489187820201979484e+00
2.739772290929133547e+00
1.950305795845332035e+00
-8.229213648713038509e-01
4.562165422742161525e+00
-4.565489374615331997e+00
2.825228051750361402e-01
3.509984422483329425e+00
3.825297619174655495e+00
2.900966976452182600e+00
3.365212256868131746e+00
2.016428105124616899e+00
2.105693620215483897e+00
3.133765134299942190e+00
-2.939611137650270933e+00
1.167753752655164234e+00
2.265737582924169047e+00
-6.682428055031426339e-01
-3.282436961257849894e+00
-2.946237980725796568e+00
4.583137476215467743e+00
-2.397109995534256743e+00
4.232259296472989263e+00
-3.377317942831494779e+00
-1.691214296519492066e+00
-1.136684349236292135e+00
3.562048475692790817e+00
-1.148124420098497467e+00
-4.268408498172258092e+00
3.769731212453004687e+00
-1.398308380727988354e+00
5.953770415571852936e-01
-2.804212065050288860e+00
-6.782258974639425730e-01
-2.186843932954158021e+00
-1.811356802174413971e+00
-3.511129780680884771e+00
-1.870348948572896575e+00
9.711582435892474052e-02
3.002049003147526207e+00
-2.546466560885498609e+00
-1.070884509145688668e-01
-2.058145049839700036e+00
3.716068026824681070e+00
1.994591915005013760e+00
-4.361723806126511782e+00
-4.667864560360572845e+00
1.362695342735760207e+00
-3.577884046481440095e+00
4.913965875072948464e+00
3.927538724647162027e+00
-1.580887474576634588e+00
1.800459722925782380e+00
-2.495609300142746179e+00
4.017663617064124892e+00
-2.370257968246098912e+00
-1.597811801774003726e+00
2.212772947969661175e-01
-1.645163467669453539e+00
1.552066473546979353e+00
-1.212601936333894681e+00
2.248678687661131548e+00
4.551024120279601348e+00
2.199452827803619392e+00
4.674480576627953354e+00
-1.733045684013903021e+00
2.147901834715664648e+00
-5.312136132075240269e-01
3.357163347049553437e+00
2.478467888158677468e-01
3.837124177516749057e+00
-2.033655938299872901e+00
1.536359721365833764e+00
-1.228571889216618640e+00
-4.643999121793975782e+00
7.135244575866224181e-01
1.552488200346777703e+00
4.437023969273344193e+00
8.562737539075024884e-01
-3.397110196354836908e+00
-3.090180136875377848e+00
-4.985795055840220869e-01
1.030269944595376685e-01
-4.186578897962629497e-01
-6.045962742843240534e-01
-2.361815195280267954e+00
-2.999002267950232614e+00
3.309856825419224435e+00
-6.855473152077706800e-01
7.129169752945525573e-01
-7.148427087855235840e-01
-4.028393200241766614e+00
3.975464065593905971e+00
3.052722445010008556e+00
4.639111626037610847e+00
-4.017250542033145244e+00
3.394628174493256267e+00
8.209750581632722088e-01
8.961309974002400480e-01
1.282439710250592668e+00
-7.377656167373007889e-01
4.760707453525515831e+00
-2.643056191359146823e+00
1.790991721895622391e+00
-2.557238813182385329e+00
2.903143322658249481e+00
-3.425483536919483818e+00
-2.312341438875233024e+00
4.804069962903074753e+00
3.977097538211118888e+00
4.960529178682117291e+00
-2.411276986099327058e+00
4.261389279163616983e+00
-9.637401231774154198e-01
9.822921139115061706e-01
2.564232530773734808e+00
2.182708963583241513e+00
1.324902759976467337e-01
-1.645173288006092083e+00
3.986628040770733961e+00
-3.297767631933723909e+00
4.236731989908079754e+00
-2.563034504360902410e+00
2.020697355458963784e+00
3.085451284731121291e+00
2.475370083327352866e+00
2.689940368437051532e-01
4.880708793505539766e+00
4.473297206573604967e+00
