0.0
0.0
0.0
0.0
0.0
0.0
0.0
0.0
0.0
0.0
0.00936855
0.02653175
-0.03925456
-0.00686908
-0.07523763
0.01645172
-0.04332879
0.07744471
0.01026008
-0.24816971
-0.04135648
-0.0221799
-0.03869805
-0.07991482
-0.31010364
0.01725609
0.07139301
-0.01584736
0.09213035
0.02367142
-0.47142541
0.00849891
-0.08910283
0.07201467
-0.00371234
-0.05588284
0.07549444
0.01156667
-0.032567
-0.6982387
0.53983847
0.93958847
-0.00729268
-0.0671145
-0.07810434
0.78262195
-0.06384132
0.06929698
0.86909306
-0.02179831
-0.04089807
0.02302833
0.023633
0.05631735
-0.05469601
0.24385677
0.05610868
0.07743439
0.01073915
-0.34268803
0.04235974
0.00430298
0.46620893
-0.08305327
-0.01146748
-0.06353691
-0.45967345
-0.09825295
0.33279484
-0.71805722
-0.08194279
-0.09014337
-0.06136987
-0.0580912
0.09945982
-0.12638924
-0.06951287
0.07093322
-0.06596224
-0.01146677
-0.02749487
0.05575242
0.09986164
0.06237128
0.09907533
0.08397885
-0.76472665
-0.38458168
0.02244522
0.05913914
0.07809091
-0.18326156
0.05125241
-0.05557825
-0.0819352
-0.03802029
0.0210466
-0.06437112
0.01460677
0.07272
0.08652254
-0.02376651
-0.07875881
0.20843362
0.0061295
-0.09070572
0.01868751
0.04165795
0.71675858
-0.81329707
0.07013106
-0.01379166
0.03515331
-0.14732646
-0.08963814
-0.03140086
-0.63568728
-0.46631059
0.02943903
0.06157257
0.07617536
0.06931778
0.00298951
0.56837737
0.0249892
0.06229323
-0.07230779
0.05856379
0.0288562
0.0652644
0.01667394
-0.0643526
0.02088981
0.04687594
0.05458
-0.04969974
-0.09861039
0.04269649
0.02036789
0.02109183
0.07986339
-0.05903906
0.08868796
0.04256053
-0.02419267
0.00729368
-0.19135242
0.61500317
-0.04835728
-0.03192796
-0.01948477
0.06493425
-0.08593682
-0.05512219
0.09223917
-0.6800992
-0.0110949
-0.19856595
-0.06154543
-0.00979272
-0.91314965
-0.30640743
0.00288455
-0.07502385
-0.06294543
0.01149458
-0.09306701
0.03366668
0.0535785
-0.09237392
-0.04095565
-0.09536552
-0.29024026
-0.07273333
0.05968392
-0.04443068
0.04692842
0.12160677
0.04950546
-0.06598211
-0.2649197
-0.03829419
-0.85540403
0.09666401
0.0103823
-0.03540788
0.08283301
-0.00191062
0.09845494
-0.03397872
0.08265982
0.04137396
0.07826236
-0.01097603
0.03955181
0.08955997
-0.1430868
-0.07996728
-0.02155417
0.02411082
-0.02653208
-0.04920336
-0.02544299
0.25356493
0.16877047
0.1158915
0.09109838
0.0262985
-0.09576963
-0.04367378
0.0
0.0
0.0
0.0
0.0
-0.00163147
-0.02136695
0.05244854
-0.45518591
0.68344304
0.00615481
0.06071228
-1.04023336
-0.0133657
0.13884829
-0.8448971
0.06375289
-0.03838972
0.03790132
-0.07043773
-0.00134982
-0.03099181
0.0696738
1.03969359
-0.68571022
-0.07784908
-0.08842995
0.90406718
0.00806591
-0.05448221
0.09982035
0.29293265
0.03336653
0.0111644
-0.03477569
-0.01720593
-0.00551568
-0.56746069
-0.04864133
0.06318265
0.06941666
0.0196685
0.05714229
0.08771911
-0.01618989
0.49570224
0.01108735
0.24512751
0.06687077
-0.08208357
0.00409916
0.09055262
-0.01080486
0.02620883
0.03301442
