0.0
0.0
0.0
0.0
0.0
0.0
0.0
0.0
0.0
0.0
3.27516377e-02
-3.93532261e-02
2.80046345e-02
8.69751925e-02
-1.53900659e-01
8.95144901e-02
5.64905310e-02
-7.92454582e-02
3.51983734e-01
8.72629964e-02
-5.18558863e-02
6.35505034e-02
-7.25317411e-02
5.44059966e-02
-5.84330553e-02
4.18769221e-02
-6.35888025e-02
-2.33223040e-02
4.14887785e-02
6.27852031e-02
1.00704530e-02
-6.78009740e-01
6.69750816e-02
-7.00615957e-02
8.82457645e-02
-9.64768219e-02
-4.99424526e-03
-8.69556288e-02
8.66832782e-02
-3.69311005e-03
-4.04717174e-03
7.73254745e-02
7.38204048e-02
6.55442336e-02
-1.32001668e-02
9.33600662e-02
-4.06743452e-02
1.98116399e-02
-9.14775491e-04
9.22920128e-01
-8.75100927e-02
6.02754281e-02
-9.13595111e-02
7.33476741e-02
-2.00347018e-01
-3.80181663e-03
-2.69927412e-01
8.30113773e-01
4.71289802e-02
1.92649031e-02
-1.50975832e-02
4.11199906e-02
-5.12972531e-02
1.96478933e-03
-9.48309979e-01
7.16709914e-03
-1.79765405e-01
4.29059311e-01
6.06745416e-02
6.26262666e-02
-8.76623228e-02
-5.66543806e-01
-2.24310393e-02
7.44515955e-01
-8.65332334e-02
-4.81256569e-03
-6.38985080e-01
9.85217639e-01
2.26887310e-02
-9.49096934e-02
1.96243621e-01
4.44570870e-02
-4.76765118e-02
2.60233041e-02
6.75177845e-01
5.49055978e-01
-7.44958694e-01
2.61302728e-02
-3.98471298e-02
-2.77796832e-01
-4.05310591e-01
-2.30677103e-02
9.60177263e-02
3.16696347e-01
-3.87774294e-01
-3.36486769e-02
-2.95460413e-02
-4.34220597e-02
-5.58796124e-02
-1.72706054e-01
2.80961943e-02
-1.55628441e-01
-9.62696319e-01
-3.38982477e-01
5.52514294e-02
8.36385026e-02
-8.33939358e-01
-1.64766717e-01
3.19129382e-02
-4.37837218e-02
6.75390044e-02
-9.08352159e-02
8.19480026e-02
-6.67300994e-02
-1.63712523e+00
8.19900695e-02
5.81744560e-02
-6.95151660e-02
1.02411561e-02
-6.15082112e-01
-7.23955161e-02
-6.19215861e-01
-4.76616936e-02
-1.42388719e-02
-6.64161905e-01
4.86882193e-02
-3.05415905e-03
5.33542719e-02
2.11864251e-02
5.34545452e-01
-2.86591285e-02
3.23168118e-02
-3.73828465e-03
9.19700756e-02
2.56875416e-01
-4.07758388e-02
-6.97073587e-02
4.01688410e-02
6.38816789e-02
5.90257224e-02
9.61051790e-02
-2.14004832e-02
-3.74138129e-01
-5.65190512e-02
-3.54933085e-01
-4.22687223e-02
3.76640354e-02
7.66373465e-02
5.94985448e-02
4.12803016e-02
9.82415862e-02
-6.44946587e-01
-4.74555945e-01
8.19227455e-02
3.16360195e-01
4.41708066e-02
-9.37040601e-02
8.78061568e-02
-8.77562981e-02
-3.67498578e-02
-1.69674780e-02
-7.25040537e-02
8.45297600e-01
-9.80850335e-02
7.63537738e-02
-6.34384031e-01
-9.38620182e-02
-9.40338829e-03
6.44450270e-02
-3.60131916e-02
-7.51912595e-01
-4.22203268e-02
-4.06627191e-02
-9.54884003e-02
-8.51562352e-02
5.98338389e-02
3.38036216e-02
-8.65314896e-01
-1.25571225e-02
-3.10242253e-03
9.10136416e-02
1.16042248e-03
-7.87702733e-02
-4.69981868e-02
-2.47468776e-01
-1.00465669e-02
-1.20542260e-02
-7.18583350e-02
9.73450797e-02
4.93633073e-02
6.02208399e-02
-7.08797595e-02
-3.66343355e-02
-1.72872704e-02
2.34071191e-02
-4.28067306e-01
4.65433017e-02
-2.00022481e-02
-3.36525401e-02
-4.74429173e-02
-6.58484390e-01
5.34098938e-01
9.05653753e-01
-8.18670072e-02
-7.94726295e-02
2.06961195e-03
-8.92717505e-02
2.43314682e-01
-1.24405427e-02
1.38473626e-02
0.0
0.0
0.0
0.0
0.0
-9.18719373e-02
-2.21963189e-02
4.10505891e-02
-6.39197906e-02
1.20428866e-02
4.82734128e-02
3.93384127e-02
6.42951093e-02
9.47886067e-04
-3.43421323e-01
8.40981172e-01
-1.45141254e-01
-9.81297938e-02
-2.40601261e-02
-2.94216278e-02
-8.98037770e-02
-1.32872403e-02
-1.79367172e-02
-1.01679269e+00
-9.41161275e-02
-9.46409561e-03
4.79478950e-03
7.66119533e-02
6.14000838e-02
-7.14246318e-02
-5.60398492e-03
9.74844155e-02
-2.45989316e-02
-2.74167787e-02
-7.17246285e-01
9.52442182e-02
-4.87648716e-02
4.42661955e-01
4.74804412e-02
7.11661229e-02
-7.79459820e-02
-3.38742683e-02
1.69008036e-03
-9.61080458e-02
-6.75803263e-02
-2.31983380e-02
8.90036330e-01
3.71777127e-02
-2.02971103e-03
-1.02703530e+00
-6.66884683e-02
4.39948851e-01
-5.74459601e-03
7.84530664e-02
-7.60676914e-02
