0.0
0.0
0.0
0.0
0.0
0.0
0.0
0.0
0.0
0.0
-1.46376413e-02
-4.60126886e-02
-5.09342590e-02
-2.26675921e-02
4.49975464e-02
5.76560833e-02
9.01539869e-02
-4.17064604e-02
-3.16644544e-02
-1.32752170e-02
2.93878770e-02
3.52588341e-02
-5.73707233e-02
-8.57654424e-02
7.03289822e-02
3.31511030e-02
9.33906057e-02
-9.02288629e-02
-5.17908190e-02
-2.25699777e-02
-1.67864911e-01
7.69382501e-02
3.58812271e-02
-1.53050260e-02
-1.35382623e-02
7.22830276e-01
9.94467677e-02
-5.33375744e-02
6.85525164e-03
-2.99660675e-02
-8.43787137e-01
6.18183786e-01
7.77670324e-02
7.08358394e-02
-8.09738023e-02
5.74410860e-02
-8.48316493e-02
-1.78071531e-02
-7.43703590e-02
-4.90388120e-02
2.15716833e-02
3.74644322e-01
7.76967080e-02
8.47540555e-02
6.24335416e-02
-5.08068110e-02
9.32870871e-02
2.07856194e-02
-2.30885220e-01
-3.02171796e-01
2.03578509e-02
1.77560800e-04
9.45576262e-01
6.27646368e-02
-7.38806218e-02
-2.25534377e-02
-6.49703883e-02
8.60079541e-02
-4.37485029e-02
1.92586856e-02
-5.67748000e-03
-6.75155173e-02
-8.06680579e-02
4.95622989e-02
8.43044321e-02
-4.63580806e-02
-4.34196960e-03
7.01686777e-01
-8.56774880e-02
-7.25522717e-02
-5.49393928e-02
4.39228163e-02
-6.24343419e-02
-5.07580605e-01
1.30189365e-02
8.85347697e-01
3.11054790e-02
4.85715674e-02
4.70008308e-02
-8.04925789e-04
-7.68964510e-01
-5.18737724e-02
-7.34133055e-02
5.47492647e-02
-3.22915312e-02
6.55019405e-03
7.46188344e-02
7.87331667e-02
-9.91234178e-02
2.01822853e-02
-3.29264090e-02
-2.45799160e-02
8.52257780e-02
-7.98460356e-02
-4.86976704e-02
5.43714551e-02
3.41436749e-02
2.63077550e-02
7.25437056e-02
-6.37952983e-01
-1.50831576e-02
1.80158984e-02
9.38497855e-02
5.34293644e-02
5.21415923e-02
-1.23174581e-02
-3.41711108e-01
-9.45511895e-02
-5.19400141e-02
-9.74049478e-02
3.69995896e-02
1.06768993e-02
8.77017283e-02
5.82913250e-02
7.39679323e-02
1.71432152e-02
9.31167372e-02
-2.53164399e-04
-2.29699872e-02
3.51625978e-02
-9.30898239e-02
-6.63314240e-02
1.04141053e-02
-9.08813641e-02
2.40744934e-03
-3.62405297e-01
-1.21029336e-02
5.72837377e-02
-1.70318761e-02
-3.96034056e-01
1.50099617e-02
-7.77401466e-02
6.68696012e-02
-6.62791389e-02
4.15702583e-03
7.27285461e-02
2.67668855e-02
2.77439529e-02
-5.84100432e-01
6.33419587e-02
1.57809107e-02
5.71528295e-02
3.54791537e-03
2.52007058e-02
5.23536771e-02
-1.61553927e-01
-7.75360857e-03
-5.63000531e-02
-1.85866713e-02
-5.89344170e-02
4.56003440e-01
9.91863445e-02
1.99127115e-02
4.80343347e-04
3.02990154e-02
9.71823336e-02
-6.48167250e-02
7.77438163e-02
-4.47094651e-04
-8.44808847e-02
-7.61965366e-01
6.83846649e-02
6.40795742e-02
4.02968171e-02
1.10769531e-02
6.92892426e-02
6.76496697e-02
5.49241819e-02
-9.90483169e-03
3.09917783e-02
-5.20094273e-02
6.32815172e-02
-4.88514615e-02
-6.99633623e-01
8.51507424e-01
1.91425309e-02
-9.31542968e-03
-1.77113913e-02
9.49374269e-02
-5.41749676e-02
3.68164860e-02
-2.38617645e-01
-4.27830098e-02
5.53742826e-02
-7.18055034e-01
-8.85539687e-01
-8.06299791e-02
7.44913961e-02
-8.59962409e-02
-7.35206997e-02
2.72972727e-02
3.20914216e-02
2.92560071e-01
-8.71080014e-02
-5.23801006e-01
-1.71949600e-02
5.10374713e-02
1.39617221e-02
9.58324358e-03
1.83291799e-02
0.0
0.0
0.0
0.0
0.0
-5.52447602e-01
8.16942340e-02
3.09211129e-02
-6.95893441e-01
-4.08478955e-03
-2.07532883e-02
5.53881758e-02
-6.91984384e-04
-2.95979605e-02
-9.09615806e-01
-1.13353997e-02
-2.01584308e-02
-6.82715287e-02
3.47338048e-01
-7.55619033e-01
-4.76260546e-02
-2.56063810e-02
8.10574793e-02
6.39515501e-02
1.54644579e-01
-1.66430497e-02
-6.00365935e-02
8.98333931e-02
3.16506244e-02
-5.18679020e-01
5.96987021e-02
-7.81268718e-03
-2.22148513e-02
5.27561762e-02
9.64421081e-02
6.23128976e-01
2.69001921e-03
-9.36038656e-02
6.17883454e-02
-4.97544027e-02
1.95964610e-02
1.13485662e-03
5.31711924e-02
-6.67387649e-02
7.08890026e-04
-3.41953347e-02
8.05881168e-02
-3.81784628e-02
8.48892909e-02
-6.54911367e-02
2.99211463e-02
1.91432929e-02
2.25684739e-02
1.16984621e-02
-1.52103157e-02
