0.0
0.0
0.0
0.0
0.0
0.0
0.0
0.0
0.0
0.0
-2.08097259e-02
-2.57276206e-01
4.78103674e-02
-2.34410528e-02
6.08964625e-02
-1.50735979e-02
-7.98385539e-02
7.98037628e-02
3.19268240e-02
-2.20735648e-02
-8.58792213e-02
3.24840982e-02
5.14209120e-02
-9.97118229e-02
-1.09528662e-02
7.39308387e-03
3.30178594e-02
-9.32211888e-02
9.76341707e-04
-2.86205956e-01
-5.26839065e-01
9.33278467e-02
-9.36942683e-03
6.27574266e-02
3.12151602e-02
9.96658889e-02
2.81991439e-02
-2.44322736e-02
9.18874175e-02
-2.66895540e-02
-3.80920731e-03
1.69066784e-02
3.25432146e-02
-4.86478591e-02
-4.74029521e-02
5.38715256e-02
4.66575315e-02
1.58267832e-01
3.51595622e-03
-8.82135467e-02
-2.99286838e-01
-5.63056756e-02
5.27411374e-02
1.01466055e-02
-5.61024499e-02
8.17214416e-02
2.69357264e-01
-6.58503904e-02
8.10550157e-02
-7.37087808e-03
-5.95632454e-03
1.69099020e-01
8.40000397e-01
8.90052297e-03
-9.47910020e-02
9.29275371e-02
-1.18224885e-02
6.27899542e-02
4.61698635e-01
-6.88038475e-03
-1.19197239e-02
4.18461953e-02
-3.25059904e-02
-5.19542617e-02
3.62841357e-01
6.94182212e-02
-2.53018940e-02
4.27090598e-02
-9.44673632e-03
-5.50623562e-02
5.86758560e-02
-6.72764018e-02
-1.97751932e-01
-9.47408947e-02
1.31984129e-02
6.18336361e-02
6.71950382e-01
4.67178896e-02
2.17176508e-02
-6.71333830e-02
-9.67831142e-02
4.76614903e-02
-1.87980337e-03
2.72472116e-02
7.26331426e-02
-6.81272231e-02
-3.31288081e-05
-8.15690511e-02
9.57430003e-02
7.68529932e-02
-9.03085533e-02
8.60303881e-02
-4.47054404e-02
-8.18080745e-02
-3.33371945e-01
-8.75430016e-02
5.57774791e-02
-1.73305890e-04
-5.68163166e-02
5.92052803e-02
-3.91836241e-02
5.42337564e-02
6.81424923e-01
-4.22189522e-01
3.79089204e-02
6.29901687e-02
3.82795813e-03
-2.43548118e-02
-5.23330616e-02
-8.61685319e-01
-5.90850578e-02
2.85556016e-02
9.59921326e-02
-2.34864699e-02
-1.00283970e-02
-3.49413756e-02
6.09686558e-02
2.01728961e-02
3.55109357e-02
-3.92964051e-03
2.41452918e-02
2.02041340e-02
1.80177566e-02
-7.56579286e-02
1.08726979e-01
-8.84882181e-02
9.33646152e-02
9.69794234e-01
-9.88706523e-02
-2.80795130e-02
4.14159573e-02
2.69097062e-03
7.36305263e-03
-6.08328808e-02
-4.36252574e-02
8.96297638e-02
6.83981443e-01
-8.20793444e-02
-4.88871963e-02
-8.25505435e-02
1.56274533e-03
-2.83214055e-01
5.84422623e-02
7.07139296e-02
-1.07563268e-02
-7.50815750e-02
6.55239414e-01
2.46735671e-02
3.67220910e-01
1.67933995e-01
2.93521931e-01
-6.03617248e-02
-3.37837911e-02
-8.17913412e-03
9.64442884e-02
4.55702830e-02
4.45202629e-02
-8.47026457e-02
5.63928559e-02
2.80458499e-02
-4.33359256e-02
1.17786278e-02
9.31204386e-02
-6.12548544e-02
-7.52815493e-02
7.82270247e-02
-1.78051764e+00
1.09269406e-02
-9.24239913e-02
8.69529733e-01
9.15665018e-02
-6.46661757e-01
-3.77309503e-02
4.24076433e-02
6.50834693e-02
2.16904222e-01
-3.01771443e-02
-4.18205042e-02
1.32065896e-01
-8.31057512e-02
-2.63621409e-02
3.36899878e-01
-6.88109188e-02
-7.96616685e-02
8.73000188e-01
2.32908010e-02
-7.80164178e-02
-3.38551615e-03
-1.87147608e-03
4.39405644e-02
2.06044400e-02
6.98914855e-01
9.90883705e-02
5.86164961e-02
-3.54647265e-02
-1.56850067e-02
-9.40565145e-02
-7.08708692e-02
4.05681631e-02
-3.49335835e-02
0.0
0.0
0.0
0.0
0.0
4.20092984e-02
1.47573990e-02
-9.90079073e-02
-2.27238891e-02
-8.21383570e-01
-7.29970870e-02
6.75067972e-01
5.36410384e-02
9.57408378e-02
6.07798782e-02
-7.68749099e-03
-7.11572198e-02
-1.01957040e-02
1.04809638e+00
-6.75780055e-03
-3.63753645e-02
9.24542801e-02
-3.20142160e-02
-3.98017148e-01
4.26197831e-01
1.74867149e-02
1.64745232e-02
3.29989122e-02
7.74712021e-03
-9.32148887e-01
6.81685302e-02
1.36877712e-02
7.38476517e-01
7.24784295e-02
-7.29986197e-02
8.58466345e-02
4.77698511e-01
9.60171634e-02
5.33527194e-02
-3.09073576e-03
-6.64120644e-02
1.59896796e-02
-9.91673352e-02
-7.86247464e-01
1.22579657e-02
7.64110070e-03
4.58400907e-02
8.71006409e-02
-1.70755818e-02
-5.95350566e-02
2.26040220e-03
-6.42557411e-02
9.65817295e-02
9.61794902e-01
3.18331502e-02
