0.0
0.0
0.0
0.0
0.0
0.0
0.0
0.0
0.0
0.0
6.16925809e-02
5.84304852e-02
7.75928886e-02
-7.64649402e-02
1.32899689e-02
4.64026958e-02
-6.65875174e-01
-5.82352175e-01
-3.02658846e-02
-7.04268973e-02
-2.58619587e-02
-3.17836429e-02
-7.15270788e-01
-5.45300959e-03
-8.74855995e-03
4.72686309e-02
-2.22384476e-02
-7.68029772e-01
-7.62186453e-03
-5.26559574e-01
-8.58070933e-02
3.15780415e-02
-4.29673805e-02
9.11304036e-02
-7.20469852e-02
-4.37182114e-02
-2.13368926e-02
-3.97636035e-02
6.69144475e-01
-2.63233020e-01
-2.80041382e-02
9.71843441e-03
-6.72327493e-01
-5.87084356e-01
-1.28860194e+00
-3.21839722e-02
-4.17397726e-02
-3.09279091e-02
-6.85051617e-02
-4.33498007e-02
-3.70715316e-01
-6.42032851e-01
2.39461337e-02
3.00332685e-01
-6.30824411e-02
-5.33554433e-02
-2.27234818e-02
-4.88900245e-02
4.10601648e-01
-3.35474613e-02
-7.11152312e-02
-7.27948542e-02
-1.19828131e-02
8.70443617e-02
4.42555990e-02
-6.89395448e-02
-1.06760218e-02
7.02758761e-01
-6.14427147e-02
6.23651016e-02
-9.20506418e-02
-6.53173101e-01
-8.57848052e-02
-6.41397612e-01
-1.63325960e+00
-7.84871297e-02
9.07299775e-02
-2.79715813e-02
1.07747824e-02
-4.25860803e-02
9.18362249e-01
-6.85562275e-02
-6.23856763e-01
2.58489170e-02
-7.57734405e-02
4.65416522e-02
8.78955669e-02
-5.17028593e-02
-5.96242437e-01
7.32685071e-02
9.86234061e-02
-2.47519597e-02
5.20399095e-01
3.81831501e-01
4.66883522e-02
-3.80331950e-03
-6.83951162e-02
3.56075505e-02
9.84269435e-02
7.99607430e-02
6.85177482e-02
1.82254882e-01
-1.75193571e-02
2.70876757e-02
4.99375401e-02
-8.61769437e-03
-7.85231205e-02
-7.35606470e-02
-1.19242452e-02
-7.54771823e-02
6.13254307e-02
9.07862714e-02
4.83791624e-01
-7.74501471e-01
6.38239437e-02
4.88644486e-02
-3.86330880e-01
-3.61579714e-03
8.84030380e-02
7.27445226e-02
2.45343864e-02
5.93423932e-02
4.92731296e-02
-4.08579951e-02
2.72894966e-02
4.28227386e-02
2.57585453e-01
-2.31986956e-01
-5.65680903e-02
-7.38569390e-02
-4.33531121e-01
-3.22046769e-01
7.78220297e-01
2.18954192e-01
1.78094304e-01
8.46238353e-02
6.47399091e-01
9.18558944e-02
-3.90477280e-02
-3.00091687e-02
3.74127407e-02
3.03893655e-02
2.70196240e-02
-3.13136935e-01
6.30621086e-02
8.97589584e-02
4.13966449e-01
-5.27325097e-02
-9.48564306e-02
1.65712254e-02
3.39253371e-02
7.99176523e-02
8.23094051e-02
8.07453900e-02
1.84013331e+00
3.64317377e-02
-1.40638516e-02
9.25962821e-02
-7.17503309e-02
7.59937337e-02
-4.11111963e-02
-7.36661751e-02
-8.71239803e-02
8.54909188e-02
-6.47962733e-01
-3.58177656e-02
6.69500947e-02
7.56243502e-02
-1.19521704e+00
-1.49969357e-04
2.05855470e-01
4.68412804e-02
-4.59543831e-02
2.69343282e-02
1.08422698e-02
-1.42917844e-03
5.75041548e-02
3.00441832e-01
-4.07192077e-01
1.28692095e-02
4.84996167e-02
-7.75241775e-02
-1.43558983e-02
1.31621349e-01
9.05817046e-02
-4.51794306e-01
-6.46996502e-02
-1.08708435e-02
5.60475213e-03
-7.66496573e-01
8.07324771e-01
8.40987815e-02
1.53102939e-02
-9.54917453e-02
-4.38634781e-02
-5.60663746e-02
3.21218589e-02
-8.90075472e-02
4.41970916e-01
2.79465136e-02
4.38066677e-02
5.56322665e-01
-4.37184481e-01
-1.78978405e-02
2.58359631e-02
4.85240438e-02
6.44848306e-03
8.69778190e-02
-5.74021822e-02
-9.10342621e-01
0.0
0.0
0.0
0.0
0.0
7.24985162e-04
4.48494995e-02
9.14452319e-02
8.48596387e-02
1.47586401e-02
-7.32737052e-02
7.66274337e-02
-5.73429845e-02
1.85171227e-02
-2.43705142e-02
8.54427255e-02
-4.69478440e-02
1.36599653e-02
2.16942363e-01
-8.17079742e-03
-4.33085001e-02
4.03646496e-02
-1.44120145e-01
-1.13526195e-02
-4.03753669e-01
3.85134090e-01
6.55793316e-02
-2.10783287e-02
6.08663643e-01
5.95180684e-02
8.64494205e-02
-4.46334601e-01
5.76410402e-02
-6.57252745e-02
-4.52870213e-02
-6.81007104e-02
9.46774692e-02
-2.30298473e-02
-3.31575177e-01
-5.74567573e-01
4.63260154e-02
-4.10706165e-02
7.99358096e-02
-6.12165878e-02
-7.54599659e-02
-8.15902627e-02
4.05815587e-02
-4.19409025e-02
5.20449018e-01
2.07296306e-02
-2.46910428e-02
1.45577749e+00
-6.75925896e-02
8.27240073e-01
8.43342346e-02
