0.0
0.0
0.0
0.0
0.0
0.0
0.0
0.0
0.0
0.0
-6.96777460e-01
-2.30853185e-02
6.17607192e-01
-3.54164742e-02
-1.93638214e-01
-1.95921638e-02
-2.74899464e-02
-2.75003655e-02
-1.86095901e-02
7.69378764e-02
-7.04827629e-02
-6.92687615e-01
4.13292427e-02
5.74256636e-02
-8.79954679e-03
-3.77884405e-01
3.97039025e-03
3.86538307e-02
-1.47969206e-02
9.50123795e-02
-9.90039727e-01
8.83784838e-02
-8.32325514e-02
5.15628425e-02
7.95605763e-02
-8.93690102e-02
8.83676005e-02
-9.55251069e-02
9.54351826e-02
8.05215892e-01
-9.07065496e-02
3.62041906e-02
-8.09322295e-02
-3.66461892e-02
1.43963126e-02
-4.67712564e-02
-6.11409047e-02
3.25482219e-02
-2.60520277e-02
-6.98136082e-02
-5.25652000e-02
3.05141637e-01
-9.21214699e-02
-2.30112641e-02
-8.77829315e-02
8.93897533e-01
-1.97954279e-02
2.27933452e-02
-4.68225895e-02
9.24689919e-01
-1.99878036e-03
1.71630799e-02
-5.41594656e-03
-8.11626641e-01
8.76864092e-02
-8.26503908e-01
1.90163652e-01
-7.72460109e-02
8.40751394e-02
8.69999500e-01
9.40536352e-02
-5.53173462e-02
7.96293159e-01
-4.70777054e-02
-7.72689600e-02
-6.00433145e-02
-4.22623421e-02
3.36071075e-02
-9.30786716e-02
-1.02780600e+00
-8.95101503e-02
-5.67982305e-02
-4.75717611e-02
-5.12348932e-02
-3.94746761e-02
3.02449636e-02
1.72937419e-02
8.29600252e-02
-2.20779116e-02
-2.61328354e-03
-2.74624427e-01
-1.56148447e-02
4.94280230e-02
5.97892783e-01
-3.29876321e-02
3.33480537e-02
3.67700417e-02
-9.34772044e-01
5.01075024e-03
5.86517221e-01
-8.70978460e-02
7.15949108e-02
-9.84704605e-02
-7.83604489e-02
-5.32236142e-02
-4.79320940e-02
7.69427937e-02
7.75963441e-02
7.32996297e-02
3.03341155e-02
2.81525810e-02
-6.83744590e-01
-6.84802490e-01
-3.52796862e-02
5.81549062e-02
2.43851956e-02
1.72912368e-01
-9.59359267e-02
-8.27073051e-02
-9.28075432e-02
8.97358506e-01
-4.11964277e-02
-9.76357972e-02
9.69084897e-02
-9.31843683e-02
-4.40447266e-02
-1.31053005e-02
-8.48005303e-02
-9.35930540e-02
-3.79960480e-02
-5.21637591e-02
-7.12888827e-01
1.43601697e-02
-8.94127381e-02
6.12290969e-02
9.79077861e-02
2.95530811e-02
6.91278338e-01
8.57241253e-02
-1.53704553e-01
8.85783707e-02
-4.93753525e-02
9.69290888e-02
-4.85099785e-01
7.29182364e-02
-4.18476677e-02
-5.81501963e-02
-5.54224647e-02
3.87765776e-02
-3.22566405e-03
-4.72024740e-02
4.11811886e-01
-3.29473165e-02
6.12756553e-02
3.28952637e-02
-1.41567544e-02
-4.63558920e-02
-3.05528617e-02
-2.88908152e-02
1.70943911e-02
5.00613461e-02
-3.35343814e-02
6.87254216e-02
-6.68212884e-02
1.00664154e+00
-3.01410600e-02
-8.97857641e-02
5.59230155e-01
-6.96869676e-01
-6.36833674e-02
-6.08023070e-01
-6.23885493e-02
9.86963721e-02
-9.58556018e-01
1.03676691e+00
1.84888524e-02
-8.36589550e-02
9.55717396e-02
2.78308843e-02
-4.98796167e-02
-2.90738417e-02
-3.85604139e-02
-6.44628874e-02
-9.41455631e-02
2.24597899e-02
-7.01016645e-02
4.73048114e-02
-9.62685540e-02
-3.48163419e-01
7.18474336e-02
-7.08659759e-03
-1.81311744e-02
3.15685724e-03
6.52479125e-04
8.48000431e-02
4.53327550e-02
7.98162718e-03
2.17631655e-02
-1.74676283e-02
-1.11880386e-02
-4.14989933e-02
-1.48962887e-01
-1.54645715e-02
4.85439782e-02
-4.07178886e-02
4.71724219e-01
-2.06327085e-02
2.53160154e-01
9.76283118e-03
1.13647139e-02
0.0
0.0
0.0
0.0
0.0
8.10767364e-02
8.31019359e-02
9.59557273e-02
-3.08102951e-02
-7.19652124e-02
-9.96586445e-02
4.52581114e-01
7.39866076e-02
3.22714446e-01
4.02435714e-02
-2.11300657e-02
9.79037521e-02
4.84398930e-02
4.83480773e-02
9.25685456e-02
9.91474746e-02
1.59088829e-02
1.76311838e-02
1.95631527e-03
-4.50105187e-03
-5.29515162e-04
1.03554316e-02
-4.25553899e-02
9.95376845e-02
-9.35552541e-02
-2.44329669e-02
-4.89908839e-03
8.32366508e-02
-5.57631606e-01
-7.28875875e-01
-7.84768117e-02
-1.85928962e-02
-3.60218566e-02
-8.28327841e-02
-2.13676990e-01
1.37250828e-02
4.53863941e-01
2.40351092e-02
5.91204089e-02
-8.56286419e-03
9.52390090e-02
8.97323501e-02
-7.82023990e-02
-6.89355623e-02
-1.28482148e-02
4.03506954e-02
7.76671908e-01
-5.94555939e-03
-8.61109222e-02
-4.20310721e-02
