0.0
0.0
0.0
0.0
0.0
0.0
0.0
0.0
0.0
0.0
7.13241803e-02
-6.46017900e-02
2.12453610e-02
1.77257635e+00
1.98186210e-01
-3.95643499e-01
-4.40026352e-02
4.09117758e-02
-9.25536911e-01
-3.58084643e-02
5.79380711e-01
-2.30739019e-02
6.80980322e-02
1.98358271e-02
1.47370103e-02
8.55066569e-02
7.06881105e-01
-2.57167248e-02
7.90071420e-02
4.01675171e-02
2.95817645e-02
3.52854238e-02
-5.96292162e-02
-5.42977578e-02
6.61198156e-02
3.05456598e-02
-3.33328528e-02
8.67442151e-02
5.70643740e-01
3.23380236e-02
-2.49353464e-01
3.82228223e-02
1.48308658e-02
-1.26641966e-02
-4.50356688e-02
4.93467712e-02
-8.16227143e-02
-2.75801063e-02
-9.21452935e-02
2.37758008e-02
1.40780995e-02
2.58495378e-02
-3.66980012e-02
-3.77967216e-02
-5.69410019e-02
-5.81359580e-02
7.59125172e-02
6.98925389e-01
9.34411990e-02
7.73173062e-02
-4.52068136e-02
2.75243335e-02
-8.64661573e-02
9.30938992e-02
4.93682225e-01
-8.55942727e-02
-8.01379366e-02
-3.31468690e-02
5.97410274e-02
-6.96462285e-02
-1.43281454e-02
7.23309124e-02
-4.51096744e-02
8.88755599e-02
8.76296381e-02
-6.22040071e-01
7.04726897e-01
-7.91231694e-02
-4.14413602e-02
8.46768282e-01
6.63550607e-02
-4.94641399e-02
6.64322861e-01
5.06636587e-02
1.28916748e-02
2.60570660e-02
-2.47977125e-02
-4.66483567e-03
-1.17069521e-01
-1.35318956e-02
-1.11027232e-02
6.31026063e-02
-3.77546045e-02
3.37381180e-03
6.89515774e-01
-4.75419609e-02
-3.34451300e-02
4.32905418e-01
-6.43954400e-01
3.01527996e-03
3.72715001e-01
-1.43608533e-02
-6.19122943e-02
7.22797040e-02
-6.33919188e-02
2.50452483e-01
-4.90360096e-02
4.89503809e-02
-1.58735629e-02
2.68566808e-02
7.59206422e-02
1.33984273e-03
-1.44407974e-02
-4.83662533e-01
-6.07003554e-02
-4.67482637e-02
9.25810762e-02
-5.49695807e-02
-5.67716304e-02
5.26076997e-02
-9.57018176e-02
9.57654999e-04
3.58720866e-03
-8.68926171e-03
-2.87862729e-01
7.73659358e-02
9.66981228e-02
-7.56824855e-02
9.96878173e-02
2.89881809e-02
-6.21358292e-02
7.81762975e-02
3.72868044e-02
-8.18901800e-01
-7.40097429e-02
-5.56806070e-02
5.45933547e-02
6.43158120e-02
1.45224777e-02
-8.71759544e-02
5.92768469e-02
-9.57803197e-01
-5.15071910e-02
-9.71042685e-02
7.91570277e-02
-8.85744987e-02
7.42762055e-02
-4.88789539e-01
-2.81306795e-02
5.16298046e-02
-6.54467112e-02
4.13051530e-02
4.71956432e-02
7.65592706e-01
-1.60430867e-02
-7.69791815e-02
-1.84762287e-02
6.50584208e-02
2.25267691e-02
4.54063069e-02
4.60931576e-02
-7.67506699e-02
-6.57996731e-02
1.13103627e+00
-6.75478009e-02
7.44133116e-02
-1.21086697e-02
-3.47475347e-02
3.69151660e-02
2.30158001e-02
-4.63713244e-02
-7.11304246e-02
-3.37736532e-02
-4.14223232e-02
4.11479558e-04
6.55764193e-02
1.11062821e-02
4.61487911e-02
-7.53324322e-02
9.06152180e-02
-3.04968649e-01
-7.92516113e-02
8.61153961e-02
1.34639917e-01
9.42372274e-02
9.16390832e-02
7.67519981e-02
2.57908499e-02
1.89271688e-02
-2.84152353e-02
5.21085198e-02
-2.85526160e-02
1.12239395e-01
6.04779417e-02
3.50770170e-02
6.20194122e-02
2.42330214e-02
9.52640277e-02
1.52978206e-02
8.61347921e-01
5.85760817e-02
2.14898653e-02
-3.40108451e-03
-8.43087994e-01
-1.32907727e-01
4.21403196e-02
-8.87682830e-02
4.67025293e-02
-3.54892753e-01
3.87549639e-02
0.0
0.0
0.0
0.0
0.0
9.93371398e-01
-2.00286192e-02
-6.48488696e-02
4.87980679e-02
-6.10436523e-01
-7.39696039e-01
-7.83429150e-02
-2.00251823e-02
-9.13390922e-02
3.50695941e-02
5.51437858e-01
1.13747776e-01
-2.59702840e-01
-3.60037275e-02
-3.94785145e-02
-2.61067758e-02
8.36914866e-02
5.67508888e-02
-3.02429424e-02
-2.14603292e-03
8.83213273e-02
4.02720986e-03
8.99123713e-02
1.28828923e-01
6.66835831e-02
-6.82454819e-02
-5.64389975e-02
6.59158601e-02
-7.89517329e-01
-3.99083916e-03
7.83138144e-02
-4.10985584e-02
-7.28323755e-02
-4.76165885e-02
-4.83231382e-02
3.09976676e-02
4.54059107e-01
8.66941173e-02
-4.32991607e-02
-9.13214913e-02
9.73103690e-02
-1.56322289e-02
3.41077963e-02
-3.86408125e-01
-2.34217452e-02
7.38974142e-02
7.21274442e-02
6.95144876e-02
-5.54918967e-02
-4.06396230e-02
