0.0
0.0
0.0
0.0
0.0
0.0
0.0
0.0
0.0
0.0
4.70165821e-02
-6.87462908e-01
6.69472984e-02
3.66421934e-02
5.93323872e-02
-8.25944259e-02
-4.54971303e-01
1.27339684e-02
-1.85011028e-02
9.63329587e-01
1.06616905e+00
8.87668447e-02
6.97749891e-01
3.25805702e-02
7.42162574e-02
-5.60844338e-02
1.08601247e-01
6.39988827e-03
4.78712226e-03
8.02622167e-02
-5.35694406e-02
-5.28453435e-02
1.35971735e-01
-4.93841028e-03
6.26897712e-02
-8.32930059e-02
-1.01525877e+00
-8.37624461e-02
-1.99675488e-02
3.45719914e-02
2.42843612e-02
-1.26224012e-02
6.83614275e-03
-5.70582850e-01
-5.23458130e-02
-5.50027258e-03
-9.50053883e-02
-5.03646484e-02
9.40123322e-02
4.85422436e-02
4.94670650e-02
-5.16513079e-02
-8.46713786e-02
7.75922095e-02
6.23249336e-02
1.20205989e-02
3.83673651e-03
-9.64112845e-02
2.62134395e-02
-8.47322398e-02
4.45196463e-02
8.86880880e-02
-5.90691688e-03
7.62412132e-04
8.38310631e-02
4.23946065e-02
-3.94053255e-02
-1.57225486e-02
-2.89132012e-02
6.13159378e-03
4.73510303e-03
-3.07847181e-02
-7.00902098e-02
3.55033048e-01
9.30239937e-02
2.45920447e-02
-7.57266193e-02
2.50237785e-02
-1.71729940e-02
-8.01972952e-02
-2.89228852e-02
-1.35488693e-01
-9.61508678e-02
5.10858319e-02
1.96628993e-02
-5.13102682e-01
8.81420290e-02
-3.74794999e-02
4.37221194e-02
-2.54533582e-03
8.82759984e-04
5.65317121e-02
-8.52213555e-02
4.10262642e-02
7.95961317e-02
8.77312095e-02
7.58581677e-02
3.15550395e-02
-8.19325541e-02
3.04791893e-02
-1.38226004e-01
-5.38804864e-03
-8.67206908e-02
7.62552764e-02
-4.05047429e-02
4.03798900e-02
8.23963481e-02
4.60533327e-02
8.03560879e-02
-1.50476057e-01
3.27038895e-02
3.86570746e-02
5.74703229e-02
1.34088609e-02
-2.68269220e-02
-5.33379337e-02
5.97076680e-02
-7.71196540e-02
7.02617639e-02
-1.81222544e-01
-5.94135575e-02
-6.50706380e-02
-7.90950564e-02
-7.51842555e-02
1.87561930e-02
-5.73625546e-02
-7.24517962e-01
-3.76492089e-02
-3.66321418e-02
1.85097705e-02
-3.90081363e-02
-6.40915010e-02
-9.76264493e-03
7.51090891e-02
8.41437098e-01
5.83763313e-02
-7.18284853e-02
3.45592537e-02
9.83140819e-01
2.13109242e-02
6.49575363e-02
-9.12924626e-01
-3.48957376e-02
-7.09642764e-02
7.71746903e-02
-7.33504665e-01
-1.81594593e-02
3.87576505e-02
6.51345113e-02
-9.60458519e-02
-6.13123478e-02
7.23780888e-01
-5.82371213e-01
8.58295879e-02
5.63009673e-03
5.89231167e-02
-9.45564856e-03
-5.26465827e-02
1.51796116e-02
-1.12538567e-02
-7.03142491e-03
-9.17138316e-03
5.26954075e-02
-1.73540533e+00
-4.94914669e-02
2.44719284e-02
-3.55405645e-01
-9.79328892e-01
5.47697487e-02
8.13853114e-02
2.84178681e-02
4.09037670e-02
4.87110419e-02
-4.69808827e-02
-9.35600395e-02
7.97851709e-02
4.73177511e-02
-7.69217309e-02
-6.98045399e-02
3.42765365e-02
-1.27052673e-02
-3.58054573e-02
-6.49198230e-02
-8.84297059e-02
3.66531479e-02
7.66173817e-02
5.88159018e-02
6.50879191e-01
-3.16044044e-01
6.92192154e-02
5.70772837e-02
-2.63287712e-02
2.42293513e-02
-3.39279897e-02
3.77252589e-01
-9.43588121e-02
-5.55814169e-02
2.17275328e-02
-7.59699588e-02
-9.79886538e-02
-5.25917305e-01
5.91832698e-02
4.22273819e-02
-4.03565976e-02
-3.81110085e-01
2.75947592e-02
-7.26809648e-02
7.78400844e-02
9.10954310e-02
-1.28306671e-02
0.0
0.0
0.0
0.0
0.0
9.99578163e-02
5.61593397e-02
-9.08133366e-02
4.63994455e-02
6.87910600e-02
-1.39275684e-02
-6.23645783e-02
9.67928348e-02
2.57139418e-02
-5.99535414e-01
5.90128356e-02
-8.81444864e-02
6.05518463e-02
-6.27193145e-02
-7.53284444e-02
9.46836094e-02
9.71530587e-02
-3.82541798e-02
3.72667793e-03
-4.26515696e-01
-9.42917948e-02
-2.11180016e-02
9.58911814e-02
-5.28005859e-01
2.43598553e-01
6.04266170e-02
4.73165150e-02
-5.60661663e-02
-4.00090081e-02
-8.76893894e-01
-2.68074005e-01
6.06880266e-03
6.25953536e-02
-1.59233445e-02
-4.99074488e-02
5.07408226e-02
3.08859945e-01
-3.14938896e-02
7.22879258e-02
-5.58635144e-02
-6.68503361e-02
1.49616762e-02
-3.26272159e-02
-2.03560736e-02
-6.29959445e-03
9.78725711e-02
3.24222688e-02
-2.49090176e-02
-2.44594566e-02
-1.70796937e-02
