0.0
0.0
0.0
0.0
0.0
0.0
0.0
0.0
0.0
0.0
-1.32754780e-02
2.43408795e-02
-4.72137985e-02
-5.45639090e-02
1.93263643e-02
-5.89908530e-04
1.13540429e-01
-9.74640383e-01
8.95377032e-02
5.03414532e-01
-1.39294485e-02
-2.50483920e-02
-8.23218055e-03
-7.94302871e-02
-5.86261919e-02
4.35718246e-02
1.89531755e-01
-3.01188585e-04
-3.66455148e-02
-8.65552349e-02
-3.06613712e-01
4.27404978e-02
-9.96276089e-02
-5.23414849e-02
-5.50774934e-02
-5.10190571e-02
9.09927362e-02
3.59365644e-01
9.78842882e-02
-3.02734572e-01
-4.20382718e-02
4.57033501e-02
5.72580964e-02
8.04241586e-02
2.40173702e-02
1.96952948e-02
-4.44129571e-02
9.23241891e-02
-4.95300638e-02
9.91702953e-02
6.61630760e-01
-3.05481386e-02
-2.90143891e-01
8.87457682e-02
3.90082941e-03
-5.66652374e-02
-4.80762876e-02
2.30707872e-01
1.38513185e-02
8.01559393e-02
7.57906190e-02
-9.31730155e-03
-5.10678730e-01
4.38790374e-02
3.35788311e-02
8.76491480e-02
-7.14668583e-02
-7.22263913e-02
-3.10624317e-02
-8.64007835e-02
1.00477935e+00
-8.40282063e-03
-9.48628241e-02
9.26553410e-02
-6.04758848e-02
2.25505206e-01
7.36896791e-03
-3.69950596e-02
-3.49775783e-02
8.61020017e-02
1.75341753e-01
4.79777229e-02
5.96753182e-02
-8.71963800e-01
-4.86238099e-02
5.97095218e-01
6.14621374e-02
-4.15049267e-02
5.96125509e-02
3.11593398e-02
2.27259520e-02
-3.92178680e-02
4.08012651e-02
-3.06397098e-02
-6.70787451e-02
-8.96913091e-02
2.89612678e-02
4.51466282e-02
-2.77607264e-01
-8.94191108e-01
3.55812885e-02
-5.78302591e-02
-6.22027733e-01
2.12044799e-02
-3.87543800e-02
7.11752415e-03
8.35878715e-02
9.39527717e-02
9.43286806e-02
-5.40526181e-02
8.67189907e-02
2.44308160e-02
-1.55354121e-02
2.11991018e-02
5.71332719e-01
-4.66864722e-02
-2.35820249e-02
-8.72292104e-01
7.46187405e-01
-3.42925303e-02
9.82270566e-02
-9.05047094e-02
8.72038249e-01
2.70681532e-02
6.70717509e-02
-5.71591666e-02
1.71970842e-02
5.62616327e-02
-6.31779559e-02
-9.94146249e-02
-6.33948616e-03
9.07886923e-03
3.75317640e-01
-8.80420013e-02
2.08675307e-02
6.91290319e-02
-9.22114706e-02
-8.30442006e-01
-7.78986424e-02
-4.13579002e-02
3.36596537e-02
-3.77005753e-02
1.15560061e-03
-3.18376762e-02
-2.06972285e-02
-8.51705206e-02
-5.22846087e-03
2.61817068e-02
9.59112242e-02
-1.91807366e-02
-8.98386892e-02
-5.56551493e-02
5.99550733e-02
-6.21426201e-02
1.94692341e-03
9.60887327e-02
7.39034895e-02
6.25288977e-02
5.57276197e-02
4.73121896e-02
4.34133382e-02
-3.25080160e-01
4.72286566e-02
-5.11383584e-01
7.45940699e-01
4.03922202e-03
-8.72444797e-02
7.74201212e-02
7.40080431e-02
-7.05972698e-03
3.54910522e-02
-7.53388508e-02
8.53102062e-02
-5.74469036e-02
-8.69127181e-02
4.31858831e-02
-1.61136179e-02
-5.96615137e-02
8.66733678e-03
-2.90611401e-02
-5.28768870e-01
5.33044815e-01
5.89104123e-02
1.04928560e-02
-1.31014907e-02
-8.38609514e-02
-7.44196120e-01
2.70295340e-01
9.90668215e-02
8.64777437e-05
9.28944316e-02
-4.45053601e-02
-2.99744862e-03
7.95647141e-01
7.10926136e-02
-1.20547226e-02
3.55147959e-01
-6.66035653e-02
1.57181770e-02
-3.41584046e-02
8.09414464e-02
9.64580386e-02
-5.52064515e-02
-8.60220133e-02
3.46861195e-01
4.29074282e-02
1.56883951e-03
-5.77915712e-01
-2.95608374e-02
-5.17851100e-02
0.0
0.0
0.0
0.0
0.0
-1.67033306e-02
4.05968043e-02
9.80979769e-01
-4.00642837e-02
-9.18984038e-02
-5.23431153e-02
7.63129820e-02
-5.81261405e-01
-7.86173490e-02
-6.07005270e-02
1.76916568e-02
-4.22474990e-02
-1.63522847e-02
-4.29872332e-02
-4.23727705e-02
5.01861376e-02
1.84991671e-02
-6.59052186e-03
4.16510434e-03
-2.46567136e-01
-9.99016990e-02
2.23417754e-02
-1.63314079e-02
6.39081735e-01
-5.81149351e-02
7.60581153e-02
2.22260819e-01
-7.52826800e-03
6.59203669e-02
4.09255790e-02
-3.77857985e-02
-6.21895204e-02
5.88899276e-02
8.25975131e-02
5.27130176e-02
-4.27312835e-02
-3.33323559e-02
-2.52379288e-02
5.01174046e-02
-1.71869922e-01
9.91807983e-02
8.02514831e-02
4.62331821e-02
9.63191709e-02
-3.73639977e-02
1.88459923e-02
4.46390858e-02
9.01958434e-02
-4.82973584e-02
-1.04385004e+00
