0.0
0.0
0.0
0.0
0.0
0.0
0.0
0.0
0.0
0.0
-2.94368795e-02
1.50253512e-02
-5.05959907e-02
3.14079839e-02
-2.55335591e-02
-6.21895495e-02
6.79793812e-02
-4.27733238e-02
1.38053230e-02
7.57930682e-02
-2.82191142e-02
1.80628339e-02
6.07682043e-02
-6.32912546e-02
3.48731166e-02
-3.63043374e-02
7.06945590e-03
-2.80612735e-02
-6.75745231e-02
3.72498967e-02
5.58813581e-02
-2.53760578e-02
-6.89679228e-02
-7.83862364e-02
-1.73884414e-01
2.62946767e-01
-2.62400450e-02
8.66639780e-01
2.69324267e-02
-4.11957010e-02
-4.71702611e-02
-1.24594043e-02
7.31224052e-01
-7.33389981e-01
9.00991925e-02
5.27429340e-02
3.33967198e-03
-9.22634409e-02
-6.84176969e-02
4.70949466e-01
6.26979686e-02
6.92691498e-02
1.95709912e-03
8.06844662e-02
-7.48790954e-02
-3.84212727e-02
4.71300573e-02
-2.16346891e-02
-4.86552973e-02
-8.00777823e-02
-4.19884956e-02
-7.88514244e-02
-6.28781526e-02
-2.07484038e-01
3.85421355e-02
-6.31460080e-02
2.46109919e-02
-8.64023669e-02
5.56553985e-01
-7.46315060e-02
-3.99267453e-02
1.68063508e-02
-2.58131126e-02
-9.82552904e-02
8.23653582e-01
6.90070808e-02
6.16061111e-02
-3.07040460e-02
-9.68571411e-02
-8.44174879e-02
2.45046999e-02
-9.40804524e-02
-6.91649357e-02
-6.40199866e-02
-3.50543342e-03
-2.26538843e-02
5.19148622e-02
9.75394587e-02
1.31850408e-02
7.76873966e-02
-6.62420761e-02
-7.18632003e-03
5.98893888e-02
4.18082419e-01
6.69252069e-02
-6.28929785e-01
9.70912107e-02
-4.19328200e-02
-4.24433653e-02
-5.33248785e-03
-7.10650557e-02
6.26538825e-02
8.26913111e-02
6.25884035e-02
-1.61407099e-02
-7.98583768e-02
-4.63141671e-01
-7.50813288e-02
1.22235217e-01
1.11395806e-02
7.31151608e-02
9.31720458e-01
3.55513618e-01
4.50954746e-02
1.26052256e-01
6.78417852e-02
7.00610331e-02
-5.32456656e-02
7.86102666e-02
5.26857539e-02
6.35273311e-02
-9.39983094e-02
5.41164820e-02
-3.44683410e-02
-4.56980850e-02
2.83697028e-02
7.91802947e-02
-8.35682903e-02
-2.82280900e-02
-6.03160662e-02
-6.74918252e-02
1.49003291e-02
6.03647301e-02
6.17516461e-02
-2.74957297e-02
-1.12534769e-03
-4.13239914e-03
-5.77602334e-04
-4.82320169e-02
5.45365040e-02
6.19415096e-02
-8.42399007e-02
-9.71610186e-02
4.03207623e-02
9.61524676e-02
9.90542552e-02
3.42583231e-02
2.00189650e-02
-2.02584052e-02
6.99322561e-03
-6.12349901e-02
6.20564247e-02
8.50563481e-03
-3.57429035e-02
-1.03367038e-01
-3.95873820e-01
3.27376830e-02
-5.77193948e-02
-7.82724788e-02
6.68735144e-02
1.30628768e-02
6.25134335e-02
-5.35784480e-03
-2.12125862e-02
5.58210109e-02
-6.74754861e-02
-2.84122413e-02
-4.70751602e-01
-1.68759941e-02
2.16967176e-02
-2.62388160e-03
-9.40610498e-01
-6.47016301e-02
-7.48395278e-02
9.89802886e-02
6.55549277e-01
-4.39330725e-02
3.67326836e-02
-4.63962879e-02
-9.51833581e-02
-9.97944268e-02
-6.94965152e-02
-1.17541553e-02
9.64029168e-02
-3.60664698e-02
5.87058182e-02
6.05918059e-02
-9.36347064e-02
6.58266571e-02
8.99088476e-03
-9.44852845e-02
6.22012192e-02
9.31494416e-03
1.11975479e-02
-8.01691865e-02
8.21676448e-01
-7.24983363e-02
-2.18509102e-02
-3.25730794e-02
-7.91091471e-03
8.58649186e-02
3.28144241e-02
-5.37532960e-03
4.25730008e-02
6.34857993e-02
-8.26349967e-03
-3.44467605e-02
-4.59014947e-02
6.92279164e-02
9.43908940e-02
0.0
0.0
0.0
0.0
0.0
3.41561092e-02
-7.49372931e-02
3.04040768e-02
-7.88894227e-02
4.64204330e-02
-5.39329509e-02
-2.08150849e-02
-3.02462489e-02
1.94277981e-02
-5.54182661e-02
-2.19489730e-02
9.57051454e-02
-5.57099542e-02
-6.49509692e-02
7.50587804e-02
-2.98673988e-02
5.88297570e-02
9.09760629e-01
1.47238586e-02
-6.91470757e-02
1.02987526e+00
-8.18596394e-02
9.26662762e-01
4.47850521e-02
2.26808352e-02
-2.19800953e-02
-3.02388987e-03
-3.92502804e-02
8.72993704e-02
-2.78825041e-02
2.16167285e-02
9.76866794e-02
-7.61888557e-02
-2.55386969e-02
2.70454304e-02
-8.39349783e-01
4.35490058e-02
-7.27884779e-02
5.57860350e-02
-5.67423845e-02
5.57608112e-02
-8.69595930e-02
9.95243332e-02
-8.85620805e-02
2.32746421e-02
6.22876074e-02
1.20227745e-02
1.05392585e-01
5.74136286e-02
-4.28439491e-02
