0.0
0.0
0.0
0.0
0.0
0.0
0.0
0.0
0.0
0.0
6.17233228e-04
-6.84335932e-02
-9.49648673e-03
-4.86578277e-01
1.84778991e-02
-7.81644199e-01
-2.22508071e-02
-6.70012206e-01
-2.25264120e-02
8.78309442e-02
4.13014252e-01
6.81022011e-02
-1.88899951e-01
2.36089794e-02
-5.98490399e-02
-6.01677619e-02
3.35383850e-02
-1.76955784e-01
5.32332471e-02
-1.50697062e-02
-7.87439703e-02
1.25927938e-02
-1.62238487e-01
-7.73768452e-02
2.19510344e-03
8.13164624e-02
7.34541958e-01
-8.62040876e-02
5.13681759e-02
7.35698312e-02
-3.03041151e-02
7.68169274e-02
-4.34539198e-03
6.15631920e-02
1.33687008e-02
1.73442610e-02
6.89323358e-03
3.25246945e-02
-1.07439929e-01
-4.56829178e-02
-1.11952615e-02
-3.15567188e-02
-2.68537917e-01
-1.62663079e-01
2.08771669e-01
8.11011367e-02
-5.02336736e-01
-9.54518976e-01
-8.44918882e-02
-9.27142645e-01
-2.37101913e-02
3.71464660e-02
3.09361521e-02
1.47253362e-01
4.16250572e-02
7.45379160e-02
9.82349304e-02
-7.90654446e-02
-1.39275910e-02
8.51491478e-02
-6.28675243e-02
-6.11114793e-01
-2.08818719e-02
-9.48139291e-01
7.99248106e-02
-8.82595577e-01
-4.34668599e-01
-8.60161103e-02
-8.26834404e-02
5.09819554e-02
-1.83687207e-02
-2.83221575e-02
3.90573626e-02
-5.58786059e-02
8.35011958e-01
8.55017421e-02
3.98729447e-02
-9.60515709e-01
-5.23024458e-02
6.30291351e-02
8.60917486e-02
3.91827028e-01
-4.41268687e-02
-9.47024908e-01
-4.21416773e-02
-9.89682748e-02
3.19650909e-02
-7.13688760e-02
6.36342746e-02
4.37111887e-01
3.64156838e-02
-7.94249258e-02
-3.47838423e-02
3.41422149e-02
1.54445193e+00
-3.16073836e-02
-4.79420954e-02
-1.08467314e-02
5.03377709e-02
-4.65694293e-02
-5.82728208e-01
-3.84391900e-02
-8.72210718e-02
2.10648649e-02
1.66514244e-02
-1.40943545e-02
-2.98078592e-02
5.39545986e-02
1.28178018e-02
8.10303374e-01
-2.09788305e-01
5.11044095e-01
-4.08951810e-02
-7.81857686e-01
7.54768667e-02
8.19231220e-02
-9.91123962e-02
-8.38802458e-02
-3.33001585e-02
4.31817096e-01
-4.56112304e-01
-2.06878535e-01
1.81709436e-02
3.63747839e-02
8.05582102e-03
-5.28518128e-02
3.50836001e-02
1.84277838e-02
-7.84910895e-02
4.44997864e-01
4.68739157e-01
-5.90143835e-02
9.87932711e-01
-8.96627443e-01
-3.42315990e-02
5.52984691e-01
-4.86823061e-02
4.63880633e-02
-6.55410212e-02
-9.31663016e-02
-5.62812662e-01
4.35674921e-02
-2.60754640e-02
5.24987059e-02
-8.37842706e-02
-8.39240780e-03
9.63445604e-02
4.57496515e-02
8.66656310e-02
-2.59555879e-02
-2.04327017e-02
-9.60037308e-02
-7.99556572e-01
-2.40100868e-02
1.47520805e-02
6.25050221e-02
2.74407330e-02
2.83541095e-02
-8.52506172e-02
-1.55300783e-02
5.00392296e-02
9.43545997e-02
-2.78658079e-03
-6.09414964e-02
3.00728248e-02
9.72483523e-02
9.63512735e-02
6.75292518e-02
2.64809945e-01
-7.33905787e-02
9.79573725e-03
2.26144594e-02
-7.40967613e-02
4.90071961e-02
-8.69227914e-02
-1.38294797e-02
-7.26891973e-02
5.65101954e-02
-5.98334271e-02
-5.59506069e-01
2.42935545e-02
9.69999397e-01
3.36953164e-04
6.11183132e-01
-2.85486586e-03
1.03138667e-02
-5.56422492e-01
7.55538838e-02
-8.15170471e-01
-4.73268057e-02
8.28365444e-02
9.72326368e-02
8.61542129e-02
1.05365283e+00
3.13275791e-02
-7.78498531e-02
-4.24093759e-01
6.47774222e-02
5.60723803e-01
-6.96300962e-02
0.0
0.0
0.0
0.0
0.0
2.04337102e-02
6.64524866e-02
2.19342914e-02
2.67503205e-02
-1.88600355e-01
-1.74997489e-01
-2.53418007e-02
7.69235703e-02
-4.06739831e-02
4.56536966e-02
9.52186218e-01
-6.28337386e-03
-8.01210669e-02
-9.73865681e-02
-3.23178230e-02
3.54488067e-02
-5.58860661e-02
-5.40964402e-02
6.52909636e-02
-6.47649173e-02
-7.24208216e-03
-9.60022389e-02
9.91656490e-02
6.38323723e-02
-9.70856613e-02
-1.46238750e-04
4.69199173e-02
3.81429092e-01
-2.41316251e-02
2.37985546e-02
-7.45861395e-01
-1.35306239e-02
3.72585283e-02
9.31181890e-02
1.71917563e-03
7.05125877e-02
2.66311447e-01
-4.99492765e-02
-3.07480333e-01
-5.34559145e-02
5.35163932e-02
1.13106728e-01
9.39006787e-02
-1.72587637e-02
-6.36710502e-02
9.14060528e-02
3.99027466e-01
6.16346458e-02
-4.56996811e-03
4.66907862e-02
