-5.522742018586144219e-01
-2.707086407906784675e-01
6.831012137706535814e-01
-3.470297151875951780e-01
-6.175962310951041978e-01
-6.439787889616872540e-01
-6.497196374045903777e-01
5.047393473255532559e-01
5.571587384997744863e-01
2.789771727612611052e-01
4.172113043238379060e-01
4.350714503376194031e-01
9.568594629107998184e-01
1.618625553740153933e-01
-4.905112951850210123e-02
2.203386700912257634e-01
1.892735750172991338e-02
9.985027976357356838e-01
-9.683070025272444425e-02
9.703087083346819686e-01
-4.426966746170335476e-01
-1.537671946345209317e-01
3.833756487616128972e-01
2.573743986747125678e-01
-1.128935625051163960e-01
-1.578554956743345450e-01
4.631573154458945574e-02
-3.699830002704898035e-01
-6.133007161449257616e-01
5.604934926765696712e-01
-5.782342758682419426e-01
-3.601903591957997808e-01
8.385660519035598170e-01
8.838202269404793476e-01
-6.536342274537929597e-01
-5.711055688142172571e-01
8.052422916435884037e-01
-2.111911741992669178e-01
1.320439386949079363e-01
-4.932741256587378498e-01
8.714690685991779429e-01
8.668179530426851631e-01
-5.870057974191378314e-02
-9.581831992530300823e-01
3.163715194114640195e-01
-6.540412956435941449e-01
-5.916957383144823002e-01
-1.090643419692829408e-01
-3.192967657632950207e-02
-2.315656200914837370e-01
-9.640633023394289403e-01
1.837561271505665506e-01
-1.887142145210281008e-01
3.423222941190335877e-01
8.472754370720876338e-01
-7.864819398740778844e-01
5.853504074939031021e-01
-7.902198304666498974e-01
-3.946237362523412617e-01
6.121895455414319009e-01
4.451018663459316294e-02
-4.993418805536491423e-01
-9.328789150750085302e-01
4.246322361319851968e-01
6.229581434458866251e-01
-3.755468411148681351e-01
2.129167360886996541e-02
4.454657488530426868e-01
1.244961900343026784e-01
7.921816170049220673e-01
-3.036287572688778358e-01
3.781547858893037350e-01
9.027100512041750235e-01
5.024471080222592256e-02
-6.084089279565205732e-01
8.829726166487192884e-01
6.130996787486617805e-01
6.639985942894481852e-01
-1.582320509017738352e-01
-9.622190063197622045e-01
-8.156974821828892885e-01
-8.163520027630690734e-01
4.254037114042834578e-01
8.436374627474760857e-01
4.463426208449134958e-01
2.451226866350257882e-01
1.604834998891770947e-01
5.142535404045871505e-01
9.350111082096701498e-01
-3.022576663144824760e-01
8.010682394554440311e-01
-5.242388767357575308e-01
1.534328219571867713e-01
-4.998339957074542372e-01
-2.689361412763653369e-01
-8.189831379733527594e-01
-6.574492407215952738e-01
8.869932925323900097e-01
-8.279178999094716218e-01
1.043849328298607215e-01
3.116806898306445639e-02
1.935020316326281353e-01
-2.204062039091516656e-01
-4.960739777933629302e-01
-7.611006951123486797e-01
-3.735780636246750497e-01
-5.401226988110252591e-01
4.656553162788468203e-01
6.395933256643064890e-01
2.596942152075190080e-01
8.696513339524343245e-01
4.972911522164924492e-02
-3.108362198228846740e-01
7.030062191388903869e-01
8.862612930383941823e-01
8.484024529314193597e-01
-2.709825900789877284e-01
9.574186442815426634e-01
-1.590953197144495679e-01
9.903587991053841577e-01
5.277805591606146152e-01
-5.318688385525811579e-01
-2.792949127367900797e-01
1.594602440749073313e-01
-2.892161710853105028e-01
-2.860099234630981702e-01
-6.462211143354172904e-01
8.753382457083431767e-01
-4.970762741041512278e-01
-6.271614539884626804e-01
9.430595562835628609e-01
-8.151088446668577348e-01
-7.824147300929078508e-01
8.304139365012415119e-01
-4.026366833718806326e-01
1.973880602564037634e-01
-3.010586620260762292e-01
-8.367582329131602048e-01
9.262505312693458670e-01
7.633535202918995122e-01
-2.474438003655003993e-01
5.409441400534484856e-01
-1.686758486473416419e-02
-8.521063548589264958e-01
-2.705472860292659210e-01
6.211028807962850617e-01
-8.909650126240227230e-01
3.359582328493939674e-01
-2.584562698634271793e-01
-7.036224732577613938e-01
-1.069464623649611923e-01
-9.819128912919710128e-01
6.033774467260220042e-01
3.747248589720821865e-01
6.338763257677477725e-01
3.658669188504193315e-01
-1.853549621440278017e-01
-9.528139677446381128e-01
-9.960834917098815300e-01
-8.570946911380870059e-01
-7.647602684047238863e-01
8.946492162259118697e-01
1.767352065988256893e-01
1.673232020679495946e-01
-7.267630046998649895e-01
8.000586365584718695e-01
-4.653472337558830496e-01
-5.154266934635785002e-01
-6.636185556741776015e-01
-2.913711307589224031e-01
6.139885543844278981e-01
6.590548000205294077e-01
-6.969025073829460126e-03
-7.121848317747336843e-02
4.589350774994640503e-01
-3.900748813926702141e-01
-1.334484406309388582e-01
-9.113528474235519372e-01
-8.957975664307806785e-01
-5.182081446541362268e-01
-3.808766266446363957e-01
-1.972850227125455547e-04
-7.599494272495916913e-01
-7.962655082106893101e-01
8.284773217001228929e-01
2.566946612897662572e-01
9.242052202589368104e-01
7.266450984200225616e-01
4.930685682674651460e-01
3.146666397066040233e-01
-6.967564951530258455e-01
-8.007283083887453135e-01
5.498963510127929943e-01
-1.202789161374957505e-01
-6.691038032875118446e-02
8.723614025101749103e-01
5.635296755632119847e-01
9.624756878004541161e-01
-7.663075119832614135e-01
9.542774386244647911e-01
-8.318530976026623502e-01
4.192537870953132462e-01
-8.000749892277922992e-01
-7.506796632561389959e-01
6.405619614310515963e-01
5.020009864706449498e-01
-3.620366152822711570e-01
3.918225672687245531e-01
3.318335401829628495e-01
4.528502617677416797e-01
2.769172523875274017e-01
2.673260521567364378e-01
3.713025366303495112e-01
-8.025919132990633198e-01
3.277987724268844882e-01
3.165641494544617629e-01
-2.688538394776305296e-01
7.160748411820785364e-01
-4.563974573500209075e-01
8.439974798571747705e-01
-3.219531399206438937e-01
-6.888781591992523268e-01
3.896573677274488556e-01
9.943908640676153432e-01
-5.080091108518058896e-01
-1.502956195552693774e-01
2.091492695710093219e-01
-7.759565058722595055e-01
9.757658437354432834e-02
-2.286768882212992793e-01
1.467574663493682596e-01
-2.271115017411862169e-02
-1.602503257160594607e-01
-1.516963449950421428e-01
9.989482315493711795e-01
-8.397568679465090558e-01
1.740087389380822191e-01
2.471939873956687794e-01
1.196776417997689190e-01
-7.479820385130631077e-01
-3.214138031316287059e-01
6.250156590648923149e-01
-9.505744254309209662e-01
-2.541233718841895417e-01
-2.582064203826952564e-01
2.248792361019209540e-01
3.620861033836400011e-01
-9.658624726965037155e-01
7.925691081457797438e-02
5.736782891179845745e-01
3.719375253150629668e-01
-3.040051641804690785e-01
8.231292974622304026e-01
4.931969491312222509e-01
7.376456937415576398e-02
-7.569651617344612671e-01
-5.905205980105798780e-01
9.993391432551290698e-01
8.187369574528169380e-02
2.031931132875652857e-01
-9.482341982565165583e-01
-6.431210493779346837e-01
-6.717299419478408584e-01
8.199582192076382281e-01
1.098322169225458556e-01
